#BLTrackFile NTuple/Z1229
#x y z Px Py Pz t PDGid EventID TrackID ParentID Weight
#mm mm mm MeV/c MeV/c MeV/c ns - - - - -
138.92 -131.443 1229.42 11.3671 -7.61371 62.4597 8.3084 -13 4 1 0 1
-33.3811 -27.8006 1229.42 0.246479 -1.44886 60.8368 8.7995 -13 5 1 0 1
-79.9575 30.9058 1229.42 -11.7681 7.18821 73.7223 6.43707 -13 6 1 0 1
184.546 -110.997 1229.42 10.5175 -5.35574 60.2994 7.47633 -13 7 1 0 1
-23.0618 122.709 1229.42 0.688612 4.73229 46.6875 10.1738 -13 8 1 0 1
-149.304 -78.3386 1229.42 -6.99961 -2.33226 41.16 9.34907 -13 14 1 0 1
86.1334 102.904 1229.42 5.57882 4.78824 56.3872 7.60561 -13 21 1 0 1
144.062 56.6373 1229.42 9.49109 3.10805 67.8677 7.55432 -13 25 1 0 1
179.484 2.59614 1229.42 11.1 0.313075 65.7143 9.32072 -13 26 1 0 1
77.9295 50.0564 1229.42 5.77917 2.51678 62.1942 7.68217 -13 30 1 0 1
-120.945 138.863 1229.42 -6.72472 8.92358 50.8181 9.58754 -13 42 1 0 1
79.425 45.0372 1229.42 6.38569 2.52439 72.5812 7.03273 -13 47 1 0 1
74.7894 -99.0751 1229.42 5.77319 -5.67484 70.4151 8.3889 -13 51 1 0 1
154.668 48.4911 1229.42 10.2211 2.81262 69.285 7.01311 -13 57 1 0 1
130.155 26.4192 1229.42 8.9998 1.47379 70.8602 7.89353 -13 61 1 0 1
146.617 14.189 1229.42 8.75039 0.576244 59.7409 6.94422 -13 66 1 0 1
97.3727 -25.5039 1229.42 7.39431 -1.65 74.2614 6.29971 -13 68 1 0 1
150.613 105.472 1229.42 10.4455 6.2495 74.2862 4.36573 -13 70 1 0 1
121.93 -55.9026 1229.42 7.20267 -2.66083 56.4787 11.1603 -13 72 1 0 1
152.641 -97.3845 1229.42 10.3307 -5.53374 71.7389 7.44987 -13 75 1 0 1
170.422 -3.27278 1229.42 11.7845 -0.243264 74.7862 8.34879 -13 80 1 0 1
73.9454 44.1461 1229.42 7.95107 5.45973 47.7904 9.27201 -13 81 1 0 1
58.2162 -109.804 1229.42 4.67016 -5.99486 67.8937 7.29133 -13 83 1 0 1
186.134 85.2034 1229.42 11.3338 4.41535 64.7784 7.7794 -13 85 1 0 1
-13.2422 -70.0433 1229.42 1.18639 -3.65436 64.262 8.88068 -13 86 1 0 1
187.177 -17.3404 1229.42 10.1705 -0.647887 56.1564 7.80844 -13 92 1 0 1
145.765 -29.3849 1229.42 9.4498 -1.46939 66.7288 8.23419 -13 93 1 0 1
-10.6964 -67.7036 1229.42 1.34806 -3.29314 60.2392 8.68244 -13 101 1 0 1
46.8625 43.3191 1229.42 4.47012 2.56274 72.5442 7.10864 -13 105 1 0 1
-15.7044 -53.3813 1229.42 0.828587 -3.14825 72.9082 7.85992 -13 111 1 0 1
171.494 52.1831 1229.42 9.22031 2.33641 54.6843 8.68199 -13 112 1 0 1
121.177 58.6421 1229.42 8.41461 3.36177 70.0607 8.04564 -13 114 1 0 1
17.2202 -89.2557 1229.42 2.56773 -5.47231 76.9779 7.71103 -13 117 1 0 1
44.3031 -47.1469 1229.42 4.4765 -3.17491 78.9184 7.91294 -13 121 1 0 1
187.27 -101.892 1229.42 11.2493 -5.33581 63.7414 8.38712 -13 123 1 0 1
157.417 92.8942 1229.42 10.22 5.09369 68.1992 7.21231 -13 126 1 0 1
61.6091 41.1483 1229.42 5.41761 2.40842 73.726 8.56099 -13 127 1 0 1
-30.7355 -69.2715 1229.42 0.0282605 -4.02277 71.3978 6.55659 -13 136 1 0 1
144.044 -42.5986 1229.42 9.13923 -2.21928 64.6975 6.71577 -13 140 1 0 1
106.173 3.56206 1229.42 15.0006 0.732601 65.1989 6.30955 -13 148 1 0 1
107.151 27.0081 1229.42 7.01424 1.42306 62.0321 8.01276 -13 150 1 0 1
73.6965 48.3804 1229.42 6.32845 2.96792 79.208 8.17968 -13 151 1 0 1
82.4942 66.015 1229.42 4.59313 2.12199 40.1658 10.9335 -13 155 1 0 1
185.559 -67.9685 1229.42 11.3849 -3.67814 65.5519 7.83308 -13 157 1 0 1
-68.023 -45.8699 1229.42 -3.51655 -5.25119 66.324 8.64317 -13 161 1 0 1
33.1081 -67.6679 1229.42 3.61593 -3.73598 67.6355 6.9263 -13 163 1 0 1
185.88 67.7622 1229.42 10.0597 2.96735 55.9152 8.34843 -13 165 1 0 1
160.839 -59.2592 1229.42 6.63544 -1.80555 38.1323 10.5193 -13 173 1 0 1
121.947 78.9876 1229.42 5.63563 2.55616 39.8982 10.6243 -13 174 1 0 1
-62.7968 -86.111 1229.42 -2.5842 -5.58283 79.9916 6.97765 -13 180 1 0 1
60.0011 86.3009 1229.42 5.30151 5.73123 80.04 7.63292 -13 182 1 0 1
102.138 -56.755 1229.42 4.8891 -1.81713 38.2254 10.9342 -13 183 1 0 1
178.195 -65.5948 1229.42 12.6985 -4.38417 79.5941 9.39608 -13 186 1 0 1
134.145 -88.7021 1229.42 7.1288 -3.54539 50.4316 10.1232 -13 190 1 0 1
147.64 21.4712 1229.42 8.96054 0.98726 61.5283 8.38032 -13 193 1 0 1
-14.1298 36.4624 1229.42 -1.57015 7.21048 58.1122 9.25522 -13 203 1 0 1
170.342 -28.1983 1229.42 11.0878 -1.56215 69.4438 8.59969 -13 205 1 0 1
-47.3442 44.8723 1229.42 -0.651552 2.34556 65.0817 7.98811 -13 207 1 0 1
59.3044 -64.6146 1229.42 5.42968 -4.03604 77.5774 6.98068 -13 208 1 0 1
172.81 12.5346 1229.42 11.4639 0.630487 71.2813 9.73098 -13 209 1 0 1
6.32089 54.3646 1229.42 2.16613 2.80457 61.9941 9.12419 -13 212 1 0 1
55.8249 -113.628 1229.42 4.31319 -5.71564 62.0675 8.1504 -13 215 1 0 1
164.121 26.1653 1229.42 9.85296 1.28567 62.1363 8.21298 -13 226 1 0 1
-21.6193 32.5762 1229.42 0.537807 1.9981 70.9884 8.67436 -13 227 1 0 1
119.858 -69.3764 1229.42 7.30722 -3.35907 58.3473 10.3475 -13 230 1 0 1
161.351 75.5185 1229.42 11.2665 4.55555 75.1161 7.81615 -13 232 1 0 1
93.3798 -109.681 1229.42 6.57809 -5.96136 67.6315 8.34465 -13 236 1 0 1
104.159 90.3239 1229.42 7.96815 5.71986 77.0617 6.98788 -13 243 1 0 1
148.074 73.4156 1229.42 7.96 3.09803 52.5847 8.31693 -13 244 1 0 1
180.405 -13.9686 1229.42 10.7063 -0.758818 62.542 8.24558 -13 246 1 0 1
77.3322 -100.661 1229.42 6.04632 -5.97267 72.3258 7.03992 -13 248 1 0 1
120.052 11.7112 1229.42 7.73899 0.44767 63.2183 7.76111 -13 255 1 0 1
81.3765 -72.9444 1229.42 2.70378 -2.54722 55.9733 9.27928 -13 258 1 0 1
24.6144 48.4092 1229.42 3.00595 2.09353 54.6959 11.8076 -13 261 1 0 1
-49.4233 -119.953 1229.42 -1.26935 -6.87896 69.0608 5.12172 -13 266 1 0 1
146.155 -52.5731 1229.42 9.36073 -2.70854 66.0416 6.524 -13 268 1 0 1
123.018 94.9946 1229.42 6.85674 3.88582 52.6369 8.91542 -13 271 1 0 1
-5.89957 -47.7497 1229.42 1.48493 -2.39994 69.5559 6.08315 -13 273 1 0 1
180.931 -10.1319 1229.42 9.1365 -0.506217 51.1538 7.86467 -13 274 1 0 1
63.0146 53.7753 1229.42 5.45546 3.21131 72.7064 7.03938 -13 279 1 0 1
40.9155 103.965 1229.42 3.62477 5.16105 62.645 7.34486 -13 287 1 0 1
164.633 56.5242 1229.42 9.83178 2.92486 61.677 8.21188 -13 289 1 0 1
95.4632 -79.437 1229.42 6.79303 -4.33052 66.3806 6.73428 -13 292 1 0 1
32.4331 -169.759 1229.42 1.71405 -10.0853 49.7198 8.49522 -13 295 1 0 1
51.2093 35.2571 1229.42 7.85335 7.31601 67.2563 7.06683 -13 300 1 0 1
147.356 -35.3012 1229.42 9.72364 -1.87367 68.5482 6.17495 -13 304 1 0 1
-4.6072 62.8067 1229.42 1.26704 4.11087 80.1019 8.6993 -13 308 1 0 1
179.045 -94.5629 1229.42 11.8634 -5.48271 71.589 7.35526 -13 311 1 0 1
22.3133 -71.4956 1229.42 2.94845 -3.64252 59.3975 6.88098 -13 314 1 0 1
-34.1174 68.407 1229.42 5.62629 -6.18026 37.1967 5.8484 -13 317 1 0 1
36.7394 -102.959 1229.42 3.52488 -5.42548 65.7153 8.12413 -13 320 1 0 1
63.7258 116.624 1229.42 5.15351 6.96689 73.3446 7.83757 -13 328 1 0 1
111.87 13.1983 1229.42 7.78369 0.800366 68.5877 6.69568 -13 331 1 0 1
80.9486 26.5837 1229.42 6.27087 1.46765 68.1416 6.73543 -13 333 1 0 1
56.7718 -9.78866 1229.42 8.99203 -2.1186 70.2448 5.84557 -13 337 1 0 1
103.728 113.726 1229.42 6.93421 5.94782 65.4248 7.56805 -13 338 1 0 1
19.2476 85.564 1229.42 2.68333 5.14051 74.0929 6.68269 -13 340 1 0 1
173.568 45.3297 1229.42 12.1183 2.87907 76.3717 6.89364 -13 346 1 0 1
92.9734 104.694 1229.42 7.08274 6.40499 74.943 6.79569 -13 348 1 0 1
166.385 -80.5643 1229.42 10.1866 -4.09151 64.0166 8.16145 -13 349 1 0 1
188.835 -18.8536 1229.42 10.6999 -0.815604 59.5156 7.25652 -13 354 1 0 1
-53.7374 18.6709 1229.42 -1.38881 1.06484 72.7804 8.10077 -13 355 1 0 1
142.922 -83.2529 1229.42 9.197 -4.33445 65.5412 10.1747 -13 356 1 0 1
136.093 -87.5222 1229.42 8.95479 -4.81199 66.8174 9.46172 -13 370 1 0 1
-11.0184 -43.4717 1229.42 1.12618 -2.5959 72.3932 7.3931 -13 372 1 0 1
81.6918 -45.6333 1229.42 5.45934 -2.10851 53.907 9.22352 -13 377 1 0 1
172.875 -49.7534 1229.42 10.7826 -2.67931 65.9407 8.6264 -13 382 1 0 1
108.384 -98.0329 1229.42 7.30356 -5.09597 65.5223 9.08198 -13 390 1 0 1
33.1954 -106.281 1229.42 3.46261 -6.50905 76.0201 4.47333 -13 393 1 0 1
128.388 2.20439 1229.42 8.72131 0.0344794 69.0993 8.98054 -13 401 1 0 1
143.297 62.512 1229.42 8.98179 3.2385 63.507 7.91116 -13 407 1 0 1
95.7799 74.1561 1229.42 7.25101 4.51555 73.6289 5.77037 -13 408 1 0 1
136.078 -91.2701 1229.42 9.74905 -5.55043 75.2468 8.98781 -13 413 1 0 1
167.513 12.4789 1229.42 9.03586 0.55991 54.3021 10.9077 -13 419 1 0 1
-28.2973 -4.18901 1229.42 -3.83593 -0.937158 71.7377 8.66295 -13 422 1 0 1
66.1476 -106.514 1229.42 5.13752 -5.79139 68.9425 5.95093 -13 427 1 0 1
118.633 62.9693 1229.42 8.29137 3.63065 70.1559 5.41017 -13 429 1 0 1
173.075 28.2994 1229.42 12.5602 1.7089 80.2216 6.87528 -13 431 1 0 1
171.018 -55.7665 1229.42 10.8037 -3.02421 66.5679 8.78637 -13 432 1 0 1
128.601 61.8236 1229.42 6.92388 2.47091 50.218 10.8727 -13 434 1 0 1
97.9243 33.7403 1229.42 6.7985 1.84323 65.2234 7.63801 -13 440 1 0 1
188.538 -33.0503 1229.42 11.9015 -1.79437 68.2083 9.04184 -13 443 1 0 1
135.847 -87.4329 1229.42 8.3747 -4.29502 61.6022 6.36454 -13 458 1 0 1
-69.5402 -0.702815 1229.42 -9.51159 -0.120446 66.9576 6.38672 -13 464 1 0 1
161.057 -78.6043 1229.42 9.33706 -3.73694 58.843 9.475 -13 473 1 0 1
165.587 100.085 1229.42 11.8753 6.24325 78.4425 6.64148 -13 481 1 0 1
-144.611 -28.9725 1229.42 -5.38424 -2.8603 44.1253 8.78161 -13 482 1 0 1
115.781 82.5311 1229.42 7.7454 4.41909 65.824 8.08056 -13 484 1 0 1
-28.5416 -58.1383 1229.42 -0.161515 -3.7817 79.3101 8.14182 -13 486 1 0 1
55.6639 -66.2797 1229.42 4.49556 -3.10409 58.4624 8.07184 -13 492 1 0 1
111.684 -9.46749 1229.42 6.59608 -0.410383 54.8269 5.42036 -13 494 1 0 1
128.513 79.9696 1229.42 7.48293 3.73164 56.1803 6.79166 -13 496 1 0 1
146.352 -61.9059 1229.42 10.0388 -3.67699 71.8888 6.1867 -13 497 1 0 1
154.086 -46.823 1229.42 9.68028 -2.39624 64.78 8.66918 -13 498 1 0 1
-64.0694 34.7065 1229.42 -2.39575 2.15239 78.7092 6.81219 -13 499 1 0 1
109.788 79.2555 1229.42 8.52434 5.08861 80.1204 7.71594 -13 502 1 0 1
18.7352 94.9909 1229.42 2.6134 5.27408 69.9002 8.30824 -13 503 1 0 1
132.742 74.1033 1229.42 7.46694 3.19546 53.9314 11.6873 -13 508 1 0 1
175.62 87.728 1229.42 10.993 4.66348 66.2055 7.12407 -13 510 1 0 1
179.669 106.096 1229.42 10.081 5.02104 58.3465 9.4712 -13 511 1 0 1
-15.7504 -54.9832 1229.42 1.00167 -2.95797 65.4982 6.76858 -13 532 1 0 1
119.623 -79.3386 1229.42 7.58148 -3.98896 61.5231 5.53165 -13 536 1 0 1
2.3071 110.245 1229.42 1.67785 4.08659 45.8841 8.85719 -13 537 1 0 1
103.421 -73.5192 1229.42 6.15143 -3.09052 53.0972 9.30441 -13 542 1 0 1
133.458 -123.332 1229.42 9.37877 -7.5301 74.8069 6.95925 -13 547 1 0 1
183.043 -47.7566 1229.42 11.6826 -2.64113 68.7136 7.70232 -13 550 1 0 1
131.54 4.52275 1229.42 8.81478 0.0849257 68.1535 6.65897 -13 551 1 0 1
145.757 57.1375 1229.42 9.77778 3.15629 69.8224 6.18777 -13 564 1 0 1
103.875 -21.0814 1229.42 7.5577 -1.25419 71.0763 4.72467 -13 567 1 0 1
156.008 -14.8166 1229.42 7.52203 -0.548112 46.2803 8.61825 -13 573 1 0 1
66.7991 5.579 1229.42 4.94106 -1.57672 57.202 6.70923 -13 583 1 0 1
158.197 -9.69916 1229.42 8.50467 -0.501612 53.5201 9.99187 -13 584 1 0 1
-23.7753 -67.6437 1229.42 0.368327 -4.16884 73.7865 8.01142 -13 588 1 0 1
179.764 109.637 1229.42 12.5971 6.88564 77.1699 6.79029 -13 589 1 0 1
28.442 53.4567 1229.42 3.47134 3.34009 77.8993 4.73363 -13 593 1 0 1
188.717 24.3345 1229.42 10.7539 1.29084 59.8746 8.05425 -13 596 1 0 1
-41.4005 55.08 1229.42 -0.668085 3.20123 72.494 8.64309 -13 619 1 0 1
94.5861 -90.067 1229.42 7.11672 -5.23988 73.344 8.18184 -13 622 1 0 1
185.975 47.097 1229.42 11.6224 2.52398 67.2015 8.16483 -13 623 1 0 1
100.005 -105.147 1229.42 6.83081 -5.58892 65.5846 8.79919 -13 624 1 0 1
168.278 -91.4865 1229.42 10.7486 -4.89775 67.5889 8.26303 -13 625 1 0 1
124.625 -7.07349 1229.42 7.7572 -0.230488 61.0492 8.80863 -13 629 1 0 1
158.185 -87.2578 1229.42 10.0685 -4.62002 66.3639 6.21849 -13 631 1 0 1
39.77 -104.682 1229.42 3.8932 -6.61208 76.4884 8.64068 -13 632 1 0 1
56.2178 -84.5168 1229.42 5.00622 -5.28459 76.7758 7.28925 -13 636 1 0 1
183.098 32.0069 1229.42 10.4265 1.55979 59.5771 6.19339 -13 638 1 0 1
99.4115 47.3958 1229.42 6.20534 2.06951 55.7682 7.889 -13 651 1 0 1
100.203 -117.048 1229.42 7.34576 -7.08027 72.904 4.00469 -13 652 1 0 1
148.474 -117.239 1229.42 8.73751 -5.72017 60.8296 8.02071 -13 655 1 0 1
120.346 72.954 1229.42 8.02958 3.79219 66.1482 7.71174 -13 659 1 0 1
99.0971 -28.4844 1229.42 6.62841 -1.55238 62.0583 7.15793 -13 662 1 0 1
148.571 -71.2918 1229.42 10.2346 -4.14671 72.5176 8.67547 -13 668 1 0 1
168.604 88.9948 1229.42 9.02666 3.859 53.8632 7.44687 -13 674 1 0 1
117.075 85.2035 1229.42 8.33544 5.09526 71.8015 10.6496 -13 675 1 0 1
-38.8674 -70.6028 1229.42 0.0281974 -3.38184 59.4201 8.91057 -13 676 1 0 1
113.659 -22.1329 1229.42 6.43341 -8.82665 15.2057 9.32523 -13 686 1 0 1
187.932 -85.3094 1229.42 10.8371 -4.0751 60.8039 7.04943 -13 691 1 0 1
72.6549 -116.286 1229.42 3.88206 -7.85931 55.4403 10.6404 -13 692 1 0 1
184.344 -95.3856 1229.42 12.6125 -5.74225 75.2564 5.2982 -13 697 1 0 1
79.7719 -68.0581 1229.42 6.31665 -3.80273 70.2995 6.19311 -13 699 1 0 1
137.949 -35.9446 1229.42 6.83487 -1.42003 46.1743 9.82256 -13 701 1 0 1
116.764 -13.8475 1229.42 6.26961 -2.30886 51.7137 11.1906 -13 705 1 0 1
180.63 -7.27965 1229.42 9.92017 -0.266919 56.8874 10.2023 -13 706 1 0 1
-9.19628 -40.6497 1229.42 -0.930858 -9.32116 72.6775 8.02384 -13 708 1 0 1
17.4071 52.6114 1229.42 2.54483 1.88322 43.4796 8.5671 -13 710 1 0 1
85.3696 95.2351 1229.42 6.50647 5.56824 71.7578 8.66227 -13 711 1 0 1
94.3563 -114.539 1229.42 6.61669 -6.28439 68.0579 5.78827 -13 714 1 0 1
180.439 -49.9445 1229.42 11.3421 -2.68217 67.1109 7.8606 -13 715 1 0 1
108.454 47.87 1229.42 5.99042 1.91759 48.8407 7.96624 -13 716 1 0 1
173.126 69.1025 1229.42 10.463 3.27496 63.1883 8.72658 -13 718 1 0 1
137.237 19.2367 1229.42 8.6984 0.888495 63.8166 6.91657 -13 721 1 0 1
137.881 -51.8272 1229.42 9.85766 -3.17493 75.1346 5.67947 -13 723 1 0 1
73.8139 122.587 1229.42 3.62484 3.57061 35.591 11.886 -13 730 1 0 1
129.499 -118.566 1229.42 8.21686 -6.18859 64.4093 7.35566 -13 733 1 0 1
68.1264 -40.0691 1229.42 5.09947 -1.82104 58.3757 9.43405 -13 742 1 0 1
175.616 90.32 1229.42 10.5165 4.50874 62.716 8.96747 -13 766 1 0 1
167.089 67.4355 1229.42 11.5857 4.24205 75.0009 5.43344 -13 770 1 0 1
-51.8147 -26.9149 1229.42 -6.77008 -5.31138 64.7876 7.28176 -13 776 1 0 1
21.638 -61.3517 1229.42 3.0579 -3.88249 77.0151 6.3122 -13 777 1 0 1
179.879 54.4614 1229.42 11.6792 3.11684 69.6803 7.26502 -13 778 1 0 1
115.083 -112.147 1229.42 5.16219 -3.48694 39.2119 13.7276 -13 779 1 0 1
175.416 32.415 1229.42 10.3869 1.70835 61.8231 8.84748 -13 781 1 0 1
132.18 -53.5642 1229.42 9.61924 -3.28824 76.4625 8.51137 -13 783 1 0 1
166.886 -37.4104 1229.42 8.70254 -1.47606 52.1504 7.51274 -13 786 1 0 1
-61.086 42.7716 1229.42 -2.44211 2.64808 81.4138 7.3765 -13 787 1 0 1
85.9032 -105.5 1229.42 5.78755 -5.20603 61.1046 8.47673 -13 789 1 0 1
146.149 -71.5746 1229.42 8.87243 -3.54508 61.4239 8.53597 -13 797 1 0 1
20.4661 115.037 1229.42 2.47056 5.56994 60.3804 10.7022 -13 804 1 0 1
58.5437 -34.8114 1229.42 5.22625 -2.01898 73.4526 6.21903 -13 806 1 0 1
86.2413 -41.7961 1229.42 8.62417 -0.354712 39.033 8.04194 -13 812 1 0 1
14.6107 -61.5263 1229.42 2.53478 -2.63273 54.0144 7.00516 -13 813 1 0 1
104.86 107.827 1229.42 6.57516 5.10777 59.5085 7.8857 -13 815 1 0 1
190.021 87.163 1229.42 10.9975 4.28261 61.1202 9.28705 -13 817 1 0 1
-34.6046 -94.5976 1229.42 0.018616 -4.64224 58.7797 8.77794 -13 820 1 0 1
86.6732 -107.806 1229.42 6.78696 -6.69947 76.7896 5.17984 -13 825 1 0 1
161.167 111.208 1229.42 9.75134 5.70879 63.1633 7.92746 -13 826 1 0 1
145.706 27.6684 1229.42 8.93632 1.4147 62.0657 7.49312 -13 828 1 0 1
141.603 -80.8361 1229.42 7.94568 -3.47672 54.8725 10.679 -13 829 1 0 1
75.0698 -17.8824 1229.42 12.7169 -4.43197 77.6175 5.28048 -13 832 1 0 1
81.8916 -43.8596 1229.42 6.27722 -2.33016 67.4745 6.50214 -13 836 1 0 1
66.4368 -116.371 1229.42 4.85143 -5.92842 62.8266 8.24881 -13 839 1 0 1
168.396 -80.2979 1229.42 12.1199 -5.29283 78.8122 9.21817 -13 849 1 0 1
167.13 -77.4462 1229.42 9.32082 -3.50011 56.7128 8.0237 -13 852 1 0 1
-15.7706 -92.0522 1229.42 0.0351275 -4.67422 70.2522 7.81252 -13 855 1 0 1
-14.6667 43.7117 1229.42 1.20182 2.15757 59.2768 6.69144 -13 856 1 0 1
-18.449 -92.3539 1229.42 0.866922 -4.09156 55.3557 10.0637 -13 868 1 0 1
100.318 -58.7479 1229.42 7.48554 -3.3668 73.3534 7.83796 -13 871 1 0 1
90.9215 -94.6973 1229.42 6.70805 -5.37141 70.2277 7.20652 -13 872 1 0 1
98.0844 52.1739 1229.42 6.90232 2.70658 66.1563 7.07394 -13 881 1 0 1
127.239 45.8571 1229.42 8.5625 2.43112 67.9651 6.48881 -13 886 1 0 1
16.8339 84.1109 1229.42 2.56016 5.18151 77.3883 8.27483 -13 888 1 0 1
118.674 -31.7551 1229.42 8.09064 -1.5971 67.4535 8.12456 -13 889 1 0 1
103.175 26.486 1229.42 7.43116 1.48693 70.0538 8.70935 -13 891 1 0 1
14.4352 110.818 1229.42 2.28626 6.70492 74.4337 6.5287 -13 895 1 0 1
75.9919 -60.8678 1229.42 6.2277 -3.461 73.1425 6.94457 -13 898 1 0 1
163.613 72.9634 1229.42 9.55357 3.56085 59.8159 8.23305 -13 900 1 0 1
60.9255 123.739 1229.42 4.68952 6.72674 66.5297 7.86965 -13 901 1 0 1
176.356 83.6383 1229.42 9.05947 3.57696 51.7149 8.82622 -13 904 1 0 1
108.004 91.8713 1229.42 7.33658 4.78888 65.534 7.80072 -13 910 1 0 1
154.488 56.2289 1229.42 8.39622 2.34477 54.0008 8.85832 -13 916 1 0 1
-1.77444 -50.1123 1229.42 1.6355 -3.04178 74.1441 5.09213 -13 920 1 0 1
169.21 23.6296 1229.42 10.0771 1.12525 61.715 10.0383 -13 924 1 0 1
41.7235 -46.1286 1229.42 3.72128 -1.9016 54.034 11.261 -13 926 1 0 1
66.1709 95.085 1229.42 5.27432 5.30489 69.1059 6.86179 -13 934 1 0 1
-46.8751 -25.293 1229.42 -6.86217 -6.04827 74.1939 8.76334 -13 935 1 0 1
7.46665 -55.2357 1229.42 2.19535 -3.25033 71.5169 5.88428 -13 937 1 0 1
145.038 65.2611 1229.42 10.0498 4.00069 72.6968 6.91973 -13 941 1 0 1
39.3534 -89.2564 1229.42 3.59691 -4.37971 61.374 7.85969 -13 944 1 0 1
188.781 -115.246 1229.42 11.9117 -6.34569 68.869 8.60348 -13 947 1 0 1
0.0290205 -5.3733 1229.42 0.482103 -1.14555 68.9823 7.71792 -13 954 1 0 1
30.7716 -69.2316 1229.42 3.57791 -4.05175 72.065 6.56383 -13 959 1 0 1
72.6095 67.6878 1229.42 5.53356 3.39716 62.7571 10.1768 -13 964 1 0 1
-35.1892 -69.4929 1229.42 -0.238447 -3.98283 71.5316 8.38297 -13 965 1 0 1
127.959 38.8034 1229.42 8.78454 2.04438 69.7556 7.23455 -13 970 1 0 1
69.2941 -29.5572 1229.42 5.45556 -1.66984 64.4273 6.42016 -13 971 1 0 1
86.6129 109.104 1229.42 0.5141 21.5348 39.8404 5.36034 -13 972 1 0 1
-36.2995 94.3723 1229.42 -0.893882 5.98431 79.3494 7.00064 -13 982 1 0 1
170.523 -73.2988 1229.42 12.1184 -4.5393 77.6165 6.72328 -13 984 1 0 1
101.092 -6.40347 1229.42 7.70153 -0.424706 75.7506 7.0728 -13 985 1 0 1
1.3134 104.917 1229.42 0.380928 8.41793 57.2022 9.62677 -13 990 1 0 1
129.007 103.998 1229.42 8.74749 5.80006 69.6301 6.5733 -13 994 1 0 1
155.344 114.468 1229.42 8.80542 5.40507 57.7852 7.26928 -13 997 1 0 1
139.724 81.1936 1229.42 10.2343 5.28763 77.7809 8.13086 -13 1002 1 0 1
-28.2967 96.9746 1229.42 0.511629 4.01606 51.7288 11.2749 -13 1010 1 0 1
171.858 -5.73836 1229.42 11.6071 -0.233878 72.9546 7.68419 -13 1012 1 0 1
182.667 -19.9705 1229.42 11.7498 -1.0147 69.4749 9.40297 -13 1023 1 0 1
43.7508 -59.4534 1229.42 3.9445 -2.74129 58.8942 7.708 -13 1026 1 0 1
34.2765 97.9705 1229.42 3.32183 4.80286 61.5096 7.14304 -13 1035 1 0 1
131.781 -2.41181 1229.42 8.32925 -0.222224 63.0305 8.48771 -13 1039 1 0 1
153.577 29.5219 1229.42 10.3373 1.66931 70.7466 7.06412 -13 1041 1 0 1
109.823 -51.1208 1229.42 8.23712 -3.26925 75.9904 7.84136 -13 1044 1 0 1
-9.02907 -115.073 1229.42 0.926717 -6.54209 69.7635 7.16709 -13 1057 1 0 1
152.759 -34.7456 1229.42 9.81839 -1.9368 66.8765 10.3147 -13 1066 1 0 1
156.56 90.8662 1229.42 9.48874 4.40795 62.2135 9.72555 -13 1068 1 0 1
131.142 -15.0232 1229.42 8.98662 -0.892252 70.0135 6.69324 -13 1077 1 0 1
136.675 22.0447 1229.42 9.98888 1.387 77.0416 7.31225 -13 1079 1 0 1
-8.58477 85.7556 1229.42 1.18216 4.51567 66.1808 11.0922 -13 1080 1 0 1
105.115 -63.0699 1229.42 7.014 -3.3731 63.3603 8.58008 -13 1088 1 0 1
67.0851 -53.711 1229.42 5.63207 -3.25822 70.6744 5.39835 -13 1090 1 0 1
125.167 -52.9716 1229.42 8.93776 -3.20476 73.3628 6.87149 -13 1091 1 0 1
131.92 116.536 1229.42 7.6488 5.4507 57.4622 10.6239 -13 1101 1 0 1
78.758 -95.2466 1229.42 5.78215 -5.07445 65.8266 7.21299 -13 1105 1 0 1
126.304 -105.944 1229.42 6.84389 -4.38569 50.9058 10.3485 -13 1108 1 0 1
84.332 -34.8213 1229.42 6.16933 -1.7623 63.8519 8.58192 -13 1109 1 0 1
98.7092 -77.848 1229.42 6.63213 -3.85641 62.2336 7.68172 -13 1115 1 0 1
-43.0681 108.806 1229.42 -1.06676 6.38674 72.6473 7.09706 -13 1116 1 0 1
165.285 57.3961 1229.42 9.9646 2.86276 62.5386 8.57411 -13 1117 1 0 1
47.5518 -115.572 1229.42 3.88344 -5.83712 62.5107 8.83786 -13 1119 1 0 1
111.868 -38.3044 1229.42 7.42971 -1.99187 64.5036 8.34986 -13 1124 1 0 1
-70.2472 93.6642 1229.42 -2.27534 2.60023 28.422 15.6571 -13 1126 1 0 1
-4.8362 8.25129 1229.42 -0.250258 1.8706 70.2996 5.56298 -13 1128 1 0 1
177.105 -26.5095 1229.42 11.9991 -1.64232 73.5593 7.19247 -13 1130 1 0 1
188.986 13.7603 1229.42 12.8114 0.738079 74.6475 11.3555 -13 1133 1 0 1
80.734 33.9513 1229.42 6.65558 2.09078 76.01 6.71935 -13 1142 1 0 1
142.151 108.833 1229.42 9.91396 6.45482 74.0931 4.91289 -13 1143 1 0 1
162.28 10.4182 1229.42 9.13901 0.443688 57.1336 7.94652 -13 1147 1 0 1
120.311 25.2576 1229.42 8.68305 1.65012 73.9043 7.6014 -13 1149 1 0 1
-40.9338 107.571 1229.42 -0.568789 5.84817 65.6351 7.60327 -13 1155 1 0 1
-7.16457 89.2898 1229.42 0.882237 5.62623 78.9853 5.07221 -13 1164 1 0 1
101.871 101.03 1229.42 7.78695 6.35028 76.9089 8.22545 -13 1169 1 0 1
114.543 -39.154 1229.42 8.16448 -2.21324 71.6797 7.46984 -13 1170 1 0 1
104.223 91.2615 1229.42 5.73121 3.44065 48.5101 8.69568 -13 1177 1 0 1
-5.5496 109.887 1229.42 1.02849 7.20457 79.1499 7.9972 -13 1180 1 0 1
92.4037 -88.6592 1229.42 6.85746 -4.96374 71.3216 5.99634 -13 1181 1 0 1
26.2208 84.6908 1229.42 3.13158 5.49768 80.1163 5.71969 -13 1184 1 0 1
129.082 -117.072 1229.42 6.99207 -4.96805 52.4546 9.76267 -13 1187 1 0 1
121.734 -20.171 1229.42 7.95678 -1.20718 64.6178 9.35658 -13 1189 1 0 1
52.7496 -64.1626 1229.42 4.64678 -3.399 66.1385 7.20212 -13 1190 1 0 1
1.20504 -93.7271 1229.42 1.64784 -5.15693 68.3804 9.21861 -13 1194 1 0 1
64.0534 -102.518 1229.42 5.28094 -6.13844 73.0467 4.05682 -13 1195 1 0 1
131.158 60.4648 1229.42 5.48045 4.10698 43.7097 10.8827 -13 1197 1 0 1
-145.109 -17.5199 1229.42 -6.9298 -2.59718 49.828 8.5797 -13 1201 1 0 1
41.1969 -60.6844 1229.42 3.96854 -3.15068 63.3259 9.16163 -13 1207 1 0 1
164.425 11.1017 1229.42 10.8981 0.658671 70.4475 6.73152 -13 1208 1 0 1
-21.5415 -24.2149 1229.42 -2.7961 -5.48998 71.7131 8.86232 -13 1220 1 0 1
161.354 -57.5875 1229.42 9.63096 -2.85153 61.1441 10.5604 -13 1222 1 0 1
149.749 -94.7674 1229.42 11.5832 -6.17488 61.6285 7.33167 -13 1223 1 0 1
-31.0199 -115.241 1229.42 -0.0884646 -6.02407 64.2737 6.50907 -13 1225 1 0 1
179.338 52.8752 1229.42 10.1311 2.63488 58.5894 9.26687 -13 1231 1 0 1
171.475 98.7597 1229.42 10.2718 4.87691 62.8762 8.61112 -13 1233 1 0 1
170.642 96.0039 1229.42 11.0858 5.55765 69.0773 8.2997 -13 1234 1 0 1
-70.567 25.7652 1229.42 -2.47273 1.26903 72.6038 7.88657 -13 1244 1 0 1
163.4 102.429 1229.42 9.11015 4.67027 56.9864 8.8981 -13 1252 1 0 1
160.65 -100.912 1229.42 8.68284 -4.49144 54.1646 9.78186 -13 1256 1 0 1
127.025 -94.6683 1229.42 7.80658 -4.53468 60.3171 8.53033 -13 1257 1 0 1
157.974 -69.1001 1229.42 10.7554 -4.1355 72.3805 6.99191 -13 1259 1 0 1
112.046 -52.2365 1229.42 8.128 -3.12031 73.1628 5.49822 -13 1262 1 0 1
148.728 -69.7106 1229.42 7.28078 -2.61311 46.7031 11.2988 -13 1266 1 0 1
100.124 56.1073 1229.42 7.47793 3.37474 72.7199 6.61104 -13 1269 1 0 1
158.298 78.7835 1229.42 10.9964 4.64993 73.9776 6.56027 -13 1275 1 0 1
21.6932 68.9189 1229.42 3.01017 3.78738 69.9283 4.78744 -13 1278 1 0 1
150.608 -73.4516 1229.42 7.99657 -3.07692 51.7462 8.48726 -13 1281 1 0 1
112.034 43.019 1229.42 7.43458 2.26104 64.5108 6.41973 -13 1286 1 0 1
134.873 -68.4257 1229.42 7.13352 -2.65872 50.1768 9.19166 -13 1288 1 0 1
106.961 -8.00545 1229.42 8.22327 -0.52464 78.4024 7.62848 -13 1295 1 0 1
134.181 -113.732 1229.42 8.10533 -5.65111 60.2931 8.82023 -13 1298 1 0 1
17.9133 -59.3069 1229.42 3.35318 -14.6029 76.3117 8.13924 -13 1299 1 0 1
-11.6609 -103.451 1229.42 0.706659 -6.58723 77.6581 5.85923 -13 1300 1 0 1
83.9076 113.127 1229.42 5.90382 5.92143 64.9207 8.76122 -13 1305 1 0 1
189.389 73.9535 1229.42 11.7964 3.99251 67.0175 8.04326 -13 1306 1 0 1
105.762 55.5025 1229.42 7.22375 3.01389 65.3227 9.10794 -13 1314 1 0 1
179.265 -1.41675 1229.42 10.4097 -0.178325 60.457 7.11591 -13 1315 1 0 1
76.3884 65.8572 1229.42 5.39377 3.02575 56.8234 8.9152 -13 1317 1 0 1
177.188 -90.1253 1229.42 11.0837 -4.86848 66.5804 7.81777 -13 1323 1 0 1
105.301 -95.2029 1229.42 6.9755 -4.91831 62.831 9.56342 -13 1327 1 0 1
95.5545 -17.4438 1229.42 7.21532 -1.1538 72.7113 8.79691 -13 1337 1 0 1
176.018 31.0484 1229.42 10.9226 1.72811 65.6709 7.70477 -13 1342 1 0 1
120.161 85.5758 1229.42 8.85028 5.13559 75.8759 9.7061 -13 1344 1 0 1
131.641 -32.0201 1229.42 6.58295 -1.10011 46.2915 9.81062 -13 1345 1 0 1
5.20903 -103.66 1229.42 1.83843 -4.86193 58.414 8.69109 -13 1348 1 0 1
160.313 -45.5807 1229.42 9.05281 -2.10876 57.1307 10.2647 -13 1354 1 0 1
111.354 54.9575 1229.42 7.89331 3.13075 70.2867 7.80743 -13 1355 1 0 1
121.875 30.9331 1229.42 7.15164 1.35857 55.8234 7.68634 -13 1358 1 0 1
77.4651 -117.338 1229.42 6.12179 -7.27125 76.4209 8.0642 -13 1366 1 0 1
108.768 10.5551 1229.42 6.28306 0.531074 52.3765 8.97582 -13 1368 1 0 1
-66.9506 -30.416 1229.42 -2.41761 -1.90786 76.2416 9.09169 -13 1374 1 0 1
134.969 67.6183 1229.42 8.31676 3.33791 61.3685 8.36796 -13 1383 1 0 1
67.7827 87.1057 1229.42 5.5804 5.21987 74.0001 7.8022 -13 1385 1 0 1
115.79 -4.32566 1229.42 8.3479 -0.194802 72.9962 6.02419 -13 1394 1 0 1
162.873 -52.9364 1229.42 11.0004 -2.98137 71.9278 5.51177 -13 1396 1 0 1
-14.5652 -107.182 1229.42 0.518968 -6.67755 76.53 7.2133 -13 1400 1 0 1
-48.1981 -6.07073 1229.42 -0.817139 -0.364546 67.6959 5.99057 -13 1404 1 0 1
186.687 102.392 1229.42 11.2741 5.38512 64.1983 7.76374 -13 1418 1 0 1
187.343 91.1619 1229.42 12.5749 5.22302 73.5753 7.14813 -13 1419 1 0 1
-58.4876 -110.088 1229.42 -1.79764 -6.2484 69.7798 7.71 -13 1424 1 0 1
73.5811 69.5993 1229.42 6.08541 4.23782 73.1669 6.56414 -13 1425 1 0 1
-83.0772 -96.0923 1229.42 -4.92035 -4.37854 42.1302 11.6438 -13 1426 1 0 1
118.145 -81.8181 1229.42 7.77873 -4.32898 64.3267 8.18064 -13 1429 1 0 1
114.769 -13.9192 1229.42 7.69207 -0.676022 65.6385 8.77087 -13 1435 1 0 1
101.592 -4.62593 1229.42 7.96209 -0.281488 79.2521 8.09032 -13 1437 1 0 1
168.538 -112.344 1229.42 9.23442 -5.11631 56.3558 9.0582 -13 1439 1 0 1
131.661 43.2108 1229.42 9.06145 2.39598 70.5949 9.81272 -13 1447 1 0 1
56.5668 -88.5677 1229.42 4.98248 -5.40589 77.5396 7.34649 -13 1455 1 0 1
76.8442 71.4026 1229.42 6.29485 4.33557 72.6894 7.98127 -13 1467 1 0 1
-14.7436 62.7359 1229.42 1.21342 2.97805 59.9564 7.83545 -13 1468 1 0 1
55.0536 -70.689 1229.42 4.81533 -3.78397 66.9067 7.97005 -13 1472 1 0 1
112.274 -104.084 1229.42 8.26239 -6.435 74.9133 7.2826 -13 1475 1 0 1
119.124 79.7927 1229.42 8.29572 4.32977 69.8058 7.84991 -13 1476 1 0 1
72.4516 -109.45 1229.42 5.12054 -5.36644 61.3527 6.81214 -13 1477 1 0 1
-49.3224 -1.67131 1229.42 -1.01925 -0.176649 70.7041 8.38114 -13 1479 1 0 1
151.992 -58.1077 1229.42 10.0441 -3.28189 69.2319 7.07398 -13 1480 1 0 1
-1.97908 44.1723 1229.42 1.73585 2.35513 66.5397 6.09572 -13 1483 1 0 1
13.4423 100.946 1229.42 2.27539 5.6876 69.908 8.15357 -13 1486 1 0 1
138.807 -59.0864 1229.42 8.90657 -3.0564 65.128 7.56225 -13 1487 1 0 1
115.85 58.0114 1229.42 8.57147 3.64291 75.9053 8.2879 -13 1492 1 0 1
58.918 33.055 1229.42 5.37877 2.19177 77.4818 8.10689 -13 1499 1 0 1
144.916 27.2043 1229.42 6.58763 0.923292 41.8963 11.2588 -13 1504 1 0 1
99.9713 -76.8152 1229.42 7.22758 -4.3522 69.6589 9.35433 -13 1511 1 0 1
148.771 71.4069 1229.42 10.2673 4.04263 72.9323 7.42619 -13 1513 1 0 1
175.583 3.43426 1229.42 10.5626 0.251819 63.3499 7.67162 -13 1514 1 0 1
137.999 68.8722 1229.42 8.72362 3.59209 63.8233 7.69735 -13 1515 1 0 1
172.535 -88.9682 1229.42 11.1431 -4.99888 68.743 7.49085 -13 1518 1 0 1
109.588 -42.082 1229.42 7.13798 -2.08519 62.1082 8.25551 -13 1523 1 0 1
-63.0991 21.0676 1229.42 -1.69839 1.17687 67.0282 8.41876 -13 1525 1 0 1
-26.7939 -58.4625 1229.42 -0.932951 -2.05307 68.9201 9.28671 -13 1526 1 0 1
188.092 44.1867 1229.42 9.98908 1.89665 54.8241 10.83 -13 1532 1 0 1
153.751 46.3709 1229.42 11.1 2.866 77.8426 9.95697 -13 1534 1 0 1
48.1193 60.9694 1229.42 4.64164 3.69407 75.4126 7.79581 -13 1537 1 0 1
9.01112 -49.5839 1229.42 2.27934 -2.83001 72.6672 6.43696 -13 1539 1 0 1
-70.2497 100.651 1229.42 -2.97663 6.31258 77.9072 7.0228 -13 1543 1 0 1
115.383 -50.0407 1229.42 7.74126 -2.72876 65.7955 9.18156 -13 1545 1 0 1
177.507 11.8524 1229.42 10.6882 0.676752 63.3978 9.41896 -13 1548 1 0 1
131.21 99.135 1229.42 7.2456 4.20672 52.3754 9.38088 -13 1557 1 0 1
-6.45265 -115.429 1229.42 0.987278 -7.21364 76.1296 5.02431 -13 1564 1 0 1
101.43 25.2204 1229.42 9.25541 2.41064 60.7086 8.39536 -13 1566 1 0 1
112.45 74.7535 1229.42 8.19278 4.42441 73.5896 8.68265 -13 1576 1 0 1
-71.4985 101.471 1229.42 -2.8951 6.05747 74.9888 4.85606 -13 1579 1 0 1
52.8748 106.796 1229.42 4.33672 5.60578 65.5415 9.46136 -13 1584 1 0 1
-7.05949 -2.21238 1229.42 -0.486571 -0.394831 61.2467 7.44954 -13 1585 1 0 1
77.3143 -8.42005 1229.42 5.97378 -0.572662 66.7206 9.00122 -13 1590 1 0 1
163.34 -50.592 1229.42 11.5794 -3.23755 76.7793 6.1168 -13 1600 1 0 1
-36.8123 99.384 1229.42 -1.03076 6.38354 79.9422 6.84667 -13 1606 1 0 1
127.209 -76.2293 1229.42 7.07435 -3.19251 52.6606 10.7339 -13 1615 1 0 1
122.009 -114.777 1229.42 8.33079 -6.54853 70.1656 6.89408 -13 1625 1 0 1
182.411 -33.764 1229.42 10.2176 -1.5599 58.12 8.31838 -13 1626 1 0 1
174.739 9.02099 1229.42 11.5334 0.480392 70.8322 7.38666 -13 1629 1 0 1
114.9 49.1152 1229.42 6.78759 2.10776 55.1873 9.15178 -13 1632 1 0 1
100.782 40.6874 1229.42 7.39803 2.17394 71.2293 7.44245 -13 1634 1 0 1
117.781 -29.3996 1229.42 8.42747 -1.78024 72.6986 5.44106 -13 1635 1 0 1
185.685 27.4538 1229.42 11.9595 1.59137 69.76 8.20959 -13 1636 1 0 1
114.251 116.661 1229.42 7.03882 5.6865 60.015 7.06547 -13 1643 1 0 1
153.6 91.0632 1229.42 6.99289 5.45526 43.8215 11.0826 -13 1647 1 0 1
82.4152 113.743 1229.42 6.3113 6.77216 73.6343 6.74803 -13 1648 1 0 1
111.422 -86.9721 1229.42 7.90436 -4.97337 70.6473 6.8405 -13 1653 1 0 1
65.0006 63.8354 1229.42 5.44534 3.61474 69.1503 6.94795 -13 1654 1 0 1
150.189 -79.4044 1229.42 10.4943 -4.65587 73.889 4.80282 -13 1667 1 0 1
63.7944 86.6648 1229.42 5.09816 4.70694 68.0538 6.93454 -13 1669 1 0 1
51.0035 -113.262 1229.42 3.74188 -4.8972 54.2207 10.1158 -13 1675 1 0 1
125.608 89.1277 1229.42 8.54381 4.91689 68.7915 9.84381 -13 1678 1 0 1
135.419 -31.9604 1229.42 9.52973 -1.95465 73.2486 7.8543 -13 1681 1 0 1
161.681 -71.7936 1229.42 9.91412 -3.5348 63.434 10.2367 -13 1686 1 0 1
189.606 -63.0506 1229.42 11.9665 -3.54984 68.2595 7.8101 -13 1688 1 0 1
159.388 -48.8606 1229.42 9.15241 -2.27657 58.1908 7.09177 -13 1689 1 0 1
54.5239 53.5813 1229.42 4.25626 2.36168 53.0805 8.7206 -13 1695 1 0 1
99.434 -43.9097 1229.42 7.6933 -1.85381 52.7083 10.1002 -13 1700 1 0 1
-32.2739 -25.6523 1229.42 -0.184968 -1.59854 74.1175 7.61519 -13 1702 1 0 1
9.67 -101.642 1229.42 2.05621 -6.2731 75.6061 7.82872 -13 1704 1 0 1
185.656 67.3721 1229.42 10.4666 3.17661 59.0569 10.0609 -13 1716 1 0 1
110.706 48.5358 1229.42 6.99261 2.3838 59.6669 9.01129 -13 1721 1 0 1
25.8083 -96.3588 1229.42 3.03837 -5.68245 73.1175 7.1886 -13 1723 1 0 1
106.946 27.8769 1229.42 7.20461 1.43212 64.3961 7.76289 -13 1725 1 0 1
45.1448 110.59 1229.42 4.25669 7.18763 78.5137 7.44129 -13 1726 1 0 1
120.263 62.9138 1229.42 8.78288 3.77274 75.0916 7.21094 -13 1727 1 0 1
52.2821 -17.7403 1229.42 0.828889 -1.40185 38.2344 11.9463 -13 1728 1 0 1
185.388 100.473 1229.42 11.7081 5.54561 67.811 8.53821 -13 1731 1 0 1
78.7371 57.064 1229.42 6.13855 3.14076 67.9347 8.92932 -13 1735 1 0 1
105.259 77.1278 1229.42 7.24147 3.97345 65.7257 6.86763 -13 1744 1 0 1
152.122 42.5229 1229.42 8.94902 2.01213 59.3735 10.3153 -13 1747 1 0 1
29.0581 52.3904 1229.42 3.46809 3.05214 73.4591 7.14844 -13 1752 1 0 1
58.8107 -40.5382 1229.42 5.35233 -2.61742 79.6573 6.56514 -13 1753 1 0 1
116.029 -80.6201 1229.42 7.99706 -4.46751 68.7558 7.28784 -13 1758 1 0 1
63.9979 25.3447 1229.42 5.21312 1.29411 65.0175 9.04086 -13 1760 1 0 1
120.405 91.1581 1229.42 7.97973 4.82039 65.4661 10.5692 -13 1762 1 0 1
169.48 -52.0417 1229.42 11.5462 -3.15294 73.5214 7.30951 -13 1771 1 0 1
118.439 -74.6224 1229.42 7.3838 -3.72143 60.0007 9.50159 -13 1772 1 0 1
56.8332 85.104 1229.42 5.06203 5.39647 77.4274 7.8028 -13 1793 1 0 1
178.515 104.944 1229.42 10.8478 5.49364 64.2941 8.93669 -13 1798 1 0 1
-42.9279 -9.05405 1229.42 -0.275733 -0.361855 62.2942 9.11733 -13 1799 1 0 1
70.7893 -96.7185 1229.42 5.30973 -4.99089 65.5127 8.08964 -13 1804 1 0 1
51.4014 -72.6945 1229.42 4.69591 -4.20875 70.6983 8.9573 -13 1805 1 0 1
117.954 -42.7125 1229.42 7.78462 -2.21039 64.9316 9.43178 -13 1808 1 0 1
115.791 9.42212 1229.42 7.24351 0.482232 59.9037 8.10701 -13 1810 1 0 1
-67.7244 -52.8432 1229.42 -2.18918 -2.9929 70.986 7.25596 -13 1812 1 0 1
33.4299 -119.907 1229.42 3.22458 -6.14813 62.0881 7.18973 -13 1816 1 0 1
101.664 -61.9292 1229.42 4.62057 -1.05341 29.8988 13.9665 -13 1821 1 0 1
183.485 -112.35 1229.42 11.2493 -5.93336 66.2285 7.81446 -13 1823 1 0 1
59.7198 -48.0952 1229.42 4.85013 -2.34975 61.8437 9.28474 -13 1824 1 0 1
53.0214 -93.1427 1229.42 4.39213 -4.87577 65.0955 7.34193 -13 1826 1 0 1
92.3637 93.8839 1229.42 6.38645 4.85246 63.7746 8.20946 -13 1831 1 0 1
-75.7252 40.1014 1229.42 -3.07389 2.40919 76.7057 6.69005 -13 1832 1 0 1
87.7031 -87.7753 1229.42 6.49434 -4.93554 68.6343 6.83917 -13 1835 1 0 1
42.6875 54.4298 1229.42 4.15558 3.13849 69.5149 7.75945 -13 1839 1 0 1
99.9039 -49.0443 1229.42 7.03004 -2.79741 66.9751 6.76752 -13 1845 1 0 1
121.998 20.7205 1229.42 9.17567 1.41751 79.6053 8.13192 -13 1848 1 0 1
-44.1013 82.1908 1229.42 -1.06668 4.93708 73.7717 8.56706 -13 1849 1 0 1
-72.0656 12.6096 1229.42 -2.95885 0.935557 78.9703 7.01194 -13 1856 1 0 1
145.945 -21.9806 1229.42 10.8373 -0.157454 56.9248 7.44334 -13 1866 1 0 1
-155.196 -2.01628 1229.42 -7.3852 -1.56975 48.2125 10.9932 -13 1867 1 0 1
98.8933 79.8512 1229.42 6.68511 4.03592 62.836 7.75451 -13 1871 1 0 1
61.7603 60.7216 1229.42 4.86171 2.9043 59.5962 8.29972 -13 1874 1 0 1
142.939 -80.9656 1229.42 9.1603 -4.30796 65.4409 8.07477 -13 1894 1 0 1
127.774 -95.8209 1229.42 8.66465 -5.21753 68.9641 7.05727 -13 1899 1 0 1
79.8784 67.2038 1229.42 17.4639 -12.4355 28.0852 8.3931 -13 1906 1 0 1
-48.7265 -55.1293 1229.42 -0.559797 -2.71699 60.0317 9.27996 -13 1914 1 0 1
115.782 74.0314 1229.42 6.72389 3.22636 53.6279 9.98278 -13 1918 1 0 1
86.6204 -87.7109 1229.42 5.98399 -4.47901 62.0929 6.75254 -13 1922 1 0 1
63.3426 25.0431 1229.42 5.04276 1.33055 62.0735 6.60265 -13 1929 1 0 1
178.484 -19.5582 1229.42 10.9572 -1.05422 64.9192 8.07859 -13 1930 1 0 1
140.447 -7.42281 1229.42 8.65962 -0.396224 62.2498 8.09637 -13 1940 1 0 1
153.63 110.767 1229.42 10.7949 6.79423 76.0333 4.98486 -13 1941 1 0 1
184.188 -4.03043 1229.42 10.8181 -0.326152 61.6264 6.94758 -13 1944 1 0 1
16.9926 92.8449 1229.42 2.50517 4.9665 68.6822 6.5693 -13 1945 1 0 1
62.1882 67.3019 1229.42 5.28217 3.83168 69.6377 8.49919 -13 1950 1 0 1
-8.62298 116.763 1229.42 0.797658 7.37009 78.0953 6.07648 -13 1952 1 0 1
151.565 -17.1488 1229.42 9.59187 -0.842542 65.4363 5.52672 -13 1954 1 0 1
64.0971 58.9793 1229.42 11.8658 -12.3915 54.0281 8.53122 -13 1961 1 0 1
75.7504 -95.8918 1229.42 4.85215 -3.96195 52.3053 7.23001 -13 1965 1 0 1
123.278 -124.244 1229.42 8.46728 -7.25359 71.2192 8.41888 -13 1966 1 0 1
128.243 28.7771 1229.42 8.55996 1.47892 67.332 8.56449 -13 1967 1 0 1
19.8044 -61.0515 1229.42 3.53032 -14.0589 72.8653 7.97852 -13 1969 1 0 1
-40.0264 36.7672 1229.42 -0.276346 1.96084 65.2657 6.77422 -13 1976 1 0 1
49.1704 29.1328 1229.42 0.647239 2.19511 33.5078 10.8522 -13 1978 1 0 1
21.5524 -51.2314 1229.42 2.8943 -2.42636 58.4883 8.37675 -13 1988 1 0 1
156.743 56.7348 1229.42 8.15711 2.38838 51.1778 8.20792 -13 1990 1 0 1
136.847 -119.707 1229.42 7.97164 -5.73521 58.7909 6.65089 -13 1994 1 0 1
136.247 -86.3191 1229.42 8.73116 -4.47059 64.6429 8.27677 -13 1995 1 0 1
185.305 -91.4133 1229.42 10.9286 -4.75376 62.33 7.72713 -13 1998 1 0 1
153.372 36.3602 1229.42 10.0657 2.07107 68.6177 7.45774 -13 1999 1 0 1
143.738 90.0269 1229.42 9.83876 5.14212 71.3308 9.1395 -13 2000 1 0 1
185.292 17.9708 1229.42 11.5977 0.983582 67.1879 7.85591 -13 2004 1 0 1
109.015 -21.0291 1229.42 7.66987 -1.15179 68.9995 5.73198 -13 2008 1 0 1
135.733 -75.8702 1229.42 8.33457 -3.85719 61.2424 9.27048 -13 2011 1 0 1
165.403 54.8975 1229.42 11.378 3.28717 73.9695 7.99067 -13 2012 1 0 1
187.269 -13.0991 1229.42 10.4481 -0.521954 58.566 8.10218 -13 2014 1 0 1
-53.8752 -16.2814 1229.42 -0.98135 -0.791943 63.9213 7.51323 -13 2016 1 0 1
121.547 -82.0243 1229.42 8.0738 -4.39685 65.9625 7.01818 -13 2020 1 0 1
74.0646 119.45 1229.42 5.53826 6.71503 69.171 7.46211 -13 2023 1 0 1
150.279 25.9517 1229.42 8.46282 1.16447 56.0563 7.95922 -13 2024 1 0 1
139.831 42.0624 1229.42 9.54823 2.47388 70.8005 6.40524 -13 2028 1 0 1
152.808 94.3327 1229.42 9.83422 4.94682 67.2725 7.67042 -13 2034 1 0 1
6.55988 -105.412 1229.42 1.94102 -5.3088 61.6731 9.80421 -13 2037 1 0 1
122.365 -5.91989 1229.42 9.04456 -0.362101 76.4463 7.6057 -13 2038 1 0 1
44.7783 -114.435 1229.42 3.50761 -5.07934 55.1963 8.11725 -13 2040 1 0 1
155.748 55.9535 1229.42 9.64989 2.72519 63.7902 7.73358 -13 2045 1 0 1
34.1321 -103.549 1229.42 3.25862 -5.04528 60.7266 10.2453 -13 2046 1 0 1
7.17723 48.8994 1229.42 2.23153 2.55169 64.4427 8.43001 -13 2051 1 0 1
18.302 47.2697 1229.42 -0.612745 0.779485 44.1978 10.4411 -13 2063 1 0 1
116.835 47.5557 1229.42 7.97929 2.53066 67.9067 9.90305 -13 2071 1 0 1
140.412 -94.2352 1229.42 10.3791 -5.99631 78.7295 8.46043 -13 2072 1 0 1
3.10366 -102.246 1229.42 1.75374 -4.38442 53.9252 10.6004 -13 2074 1 0 1
-44.13 -83.1974 1229.42 -1.42217 -5.56366 81.0726 8.77596 -13 2077 1 0 1
98.8835 66.1842 1229.42 5.99627 2.848 53.3944 7.70212 -13 2080 1 0 1
75.381 -72.9781 1229.42 6.31778 -4.4701 75.7293 7.63177 -13 2090 1 0 1
-37.208 31.234 1229.42 -0.296121 1.76936 69.4141 8.5205 -13 2092 1 0 1
79.6541 7.58642 1229.42 6.55328 0.385374 75.3466 6.43204 -13 2097 1 0 1
119.893 -39.4489 1229.42 9.01452 -2.66397 78.6979 7.31215 -13 2098 1 0 1
110.241 91.2944 1229.42 7.81075 5.18088 70.0066 8.35376 -13 2099 1 0 1
156.123 -6.8806 1229.42 8.40265 -0.218442 53.5518 7.81929 -13 2104 1 0 1
62.6596 -22.4217 1229.42 4.91586 -1.1067 60.6695 9.27402 -13 2107 1 0 1
118.818 -104.394 1229.42 8.13237 -5.79248 69.2112 9.13626 -13 2108 1 0 1
118.82 -20.5417 1229.42 8.81667 -1.34795 76.4991 7.64685 -13 2111 1 0 1
176.301 14.5496 1229.42 10.6638 0.839943 63.6192 9.24817 -13 2112 1 0 1
106.108 102.736 1229.42 7.01006 5.20384 63.5809 8.10942 -13 2113 1 0 1
16.4744 -85.4856 1229.42 2.53479 -4.6288 67.3869 7.2638 -13 2120 1 0 1
25.4025 101.955 1229.42 2.79762 4.78195 57.9382 10.1373 -13 2122 1 0 1
39.8043 35.6301 1229.42 6.32201 7.61428 68.6634 5.09687 -13 2124 1 0 1
90.8651 -97.997 1229.42 6.83867 -5.70484 73.0561 6.79023 -13 2125 1 0 1
66.1599 -102.779 1229.42 4.85602 -5.03555 61.6041 8.69288 -13 2134 1 0 1
170.365 37.5369 1229.42 11.6346 2.12745 73.6493 6.88832 -13 2138 1 0 1
150.518 86.9747 1229.42 9.36438 4.41183 63.7761 7.76155 -13 2139 1 0 1
110.245 -14.1354 1229.42 7.65186 -0.585986 68.4861 8.20408 -13 2140 1 0 1
181.052 -42.9202 1229.42 10.7049 -2.1701 62.3246 7.20429 -13 2146 1 0 1
42.477 48.7098 1229.42 4.43036 3.16929 81.5407 9.96456 -13 2149 1 0 1
112.831 50.8987 1229.42 7.79363 2.86776 68.1735 6.19848 -13 2153 1 0 1
116.236 22.7071 1229.42 8.15303 1.28636 70.0246 8.65548 -13 2154 1 0 1
119.168 -17.2305 1229.42 9.16455 -1.1587 80.8575 5.51538 -13 2159 1 0 1
141.26 108.185 1229.42 10.1075 6.58353 76.9135 7.92803 -13 2162 1 0 1
-3.96927 104.711 1229.42 -0.470674 10.5672 37.4996 11.9541 -13 2167 1 0 1
0.348904 -92.7082 1229.42 1.55399 -5.13024 70.3037 8.31864 -13 2174 1 0 1
95.4378 -102.054 1229.42 7.32225 -6.23811 77.0675 6.59251 -13 2181 1 0 1
184.287 100.909 1229.42 11.6999 5.45861 68.2 6.66858 -13 2182 1 0 1
-40.8571 -72.1018 1229.42 -0.790178 -4.52742 76.1007 5.89746 -13 2185 1 0 1
-3.56324 -45.3655 1229.42 1.71843 -2.00293 57.7213 7.18328 -13 2188 1 0 1
109.497 27.9602 1229.42 7.77352 1.53179 70.2242 8.45296 -13 2189 1 0 1
127.252 -69.1014 1229.42 7.81189 -3.34272 60.1894 7.96974 -13 2191 1 0 1
-60.1064 45.3015 1229.42 -1.55712 2.485 68.0431 8.42825 -13 2193 1 0 1
84.9773 91.2275 1229.42 4.32855 2.84854 38.358 12.5318 -13 2196 1 0 1
154.521 -45.5495 1229.42 8.16036 -1.90764 52.0342 8.93943 -13 2197 1 0 1
83.678 31.9666 1229.42 5.6556 1.46551 55.6045 6.99312 -13 2198 1 0 1
113.01 24.9 1229.42 7.62209 1.34607 66.0654 8.23631 -13 2199 1 0 1
36.4476 -99.7308 1229.42 3.4157 -4.97217 60.5582 10.2253 -13 2200 1 0 1
32.9885 -55.4518 1229.42 3.69966 -3.11943 72.5046 9.39365 -13 2206 1 0 1
131.956 -62.2298 1229.42 6.57594 -2.36664 46.0463 7.39796 -13 2208 1 0 1
133.921 -108.913 1229.42 7.69474 -4.93335 57.4158 8.14684 -13 2212 1 0 1
160.736 44.8432 1229.42 10.0365 2.29209 64.9687 7.66336 -13 2215 1 0 1
54.123 71.2473 1229.42 4.16422 2.9854 51.4117 8.79275 -13 2216 1 0 1
82.3757 101.662 1229.42 6.2609 6.02078 71.0421 7.8695 -13 2218 1 0 1
-9.89373 -90.0745 1229.42 1.02955 -4.85497 69.2652 8.57999 -13 2219 1 0 1
118.19 26.0292 1229.42 8.26842 1.50161 70.6289 8.40287 -13 2233 1 0 1
128.829 5.33646 1229.42 8.5597 0.29249 67.2147 7.48634 -13 2234 1 0 1
142.095 -23.2651 1229.42 7.56667 -1.01161 51.4085 9.03914 -13 2238 1 0 1
38.5947 -48.2025 1229.42 3.52819 -2.07315 51.8379 9.61875 -13 2243 1 0 1
94.9129 -117.972 1229.42 7.35494 -7.58367 79.2761 7.4727 -13 2248 1 0 1
59.1933 114.672 1229.42 4.37892 5.59467 59.588 9.51747 -13 2252 1 0 1
45.308 -40.9282 1229.42 4.15403 -1.94342 63.1495 7.47601 -13 2253 1 0 1
102.762 -10.8729 1229.42 5.41735 -2.2313 28.7306 16.2678 -13 2255 1 0 1
66.0519 -55.663 1229.42 5.49175 -3.02705 69.6095 6.17332 -13 2257 1 0 1
65.6039 -109.828 1229.42 4.04888 -7.49219 52.9711 7.80551 -13 2263 1 0 1
-28.3359 -62.4563 1229.42 0.0397362 -3.71301 74.4069 6.39177 -13 2266 1 0 1
55.1423 100.733 1229.42 4.57553 5.57798 67.9193 6.67954 -13 2269 1 0 1
115.198 -39.1332 1229.42 8.51192 -2.30476 75.2353 8.62797 -13 2270 1 0 1
165.158 -75.03 1229.42 10.5498 -3.93203 67.3071 10.3341 -13 2271 1 0 1
128.957 54.9697 1229.42 7.82069 2.64315 59.1479 8.21624 -13 2275 1 0 1
-29.1125 88.6524 1229.42 -0.225691 5.50485 75.7717 10.0745 -13 2278 1 0 1
174.472 -29.3184 1229.42 13.392 -1.67077 61.8821 9.7351 -13 2280 1 0 1
120.058 -23.3168 1229.42 8.26582 -1.38147 68.8769 8.53524 -13 2283 1 0 1
116.899 -25.1793 1229.42 6.64919 -1.04827 52.6054 9.11422 -13 2288 1 0 1
96.5282 -55.4845 1229.42 7.37376 -3.28747 74.4529 9.67151 -13 2293 1 0 1
74.0215 -14.8627 1229.42 5.93703 -0.755978 69.4567 6.856 -13 2299 1 0 1
181.612 18.6415 1229.42 10.365 0.991731 59.5679 10.8829 -13 2302 1 0 1
160.425 -45.0433 1229.42 11.0689 -2.76023 74.0119 6.20524 -13 2303 1 0 1
15.7329 -52.5008 1229.42 2.63616 -2.46271 58.1494 8.9953 -13 2306 1 0 1
98.3613 82.0208 1229.42 4.83184 2.59604 39.0887 10.3754 -13 2307 1 0 1
133.455 60.0883 1229.42 7.63723 1.48005 44.2501 12.585 -13 2308 1 0 1
136.935 -116.527 1229.42 8.77335 -6.24676 66.3587 9.04217 -13 2311 1 0 1
56.7332 0.154439 1229.42 2.76685 -1.56394 46.9723 11.8974 -13 2313 1 0 1
114.899 29.7185 1229.42 7.32389 1.5006 61.2581 7.71249 -13 2317 1 0 1
4.86879 -47.86 1229.42 1.92654 -3.0072 79.2578 3.67614 -13 2320 1 0 1
-13.3185 -42.8858 1229.42 1.1035 -2.38657 67.1139 8.63506 -13 2324 1 0 1
102.387 82.347 1229.42 6.20896 3.50192 54.498 8.97553 -13 2333 1 0 1
187.13 -81.4827 1229.42 11.8296 -4.57726 68.3415 7.331 -13 2343 1 0 1
60.4474 -64.7961 1229.42 5.33056 -3.93005 73.1263 7.57001 -13 2345 1 0 1
166.75 -100.971 1229.42 8.69813 -4.36407 52.291 8.23046 -13 2347 1 0 1
157.454 -23.7699 1229.42 10.2505 -1.28799 68.4208 5.49858 -13 2352 1 0 1
111.449 116.366 1229.42 7.82915 6.715 71.5667 6.41052 -13 2353 1 0 1
-38.2647 -107.371 1229.42 -0.588615 -5.80818 67.5114 6.80828 -13 2354 1 0 1
189.789 86.9654 1229.42 10.2467 3.82791 55.9445 8.42294 -13 2361 1 0 1
126.041 -22.0175 1229.42 8.17067 -1.07183 64.4634 9.98612 -13 2365 1 0 1
182.881 19.1877 1229.42 9.31952 0.812126 51.6882 9.34045 -13 2370 1 0 1
126.805 41.1904 1229.42 8.57932 2.3905 68.387 7.96867 -13 2374 1 0 1
-15.8361 52.1009 1229.42 1.2294 2.17901 52.5795 9.26206 -13 2376 1 0 1
35.1654 99.2132 1229.42 3.60871 6.12855 77.1909 5.1116 -13 2377 1 0 1
146.705 57.4334 1229.42 9.13962 2.7956 63.3086 7.36786 -13 2384 1 0 1
162.177 93.851 1229.42 7.06325 3.08126 41.284 9.71362 -13 2386 1 0 1
41.8783 85.111 1229.42 4.10396 5.48037 77.3529 7.81614 -13 2387 1 0 1
37.3228 -56.2954 1229.42 4.05387 -3.57253 78.9344 6.16564 -13 2391 1 0 1
112.216 -17.8717 1229.42 8.32926 -1.0769 75.4959 6.06367 -13 2392 1 0 1
113.516 -42.1453 1229.42 7.49882 -2.14749 64.1045 6.21173 -13 2394 1 0 1
123.488 31.1516 1229.42 8.53918 1.84568 70.0115 9.60376 -13 2399 1 0 1
128.109 -53.7875 1229.42 9.65487 -3.53712 79.5052 7.37805 -13 2401 1 0 1
109.143 -21.7696 1229.42 7.76614 -1.2308 70.2993 8.02528 -13 2403 1 0 1
127.773 6.85956 1229.42 9.47046 0.300568 77.6315 8.02969 -13 2404 1 0 1
187.105 96.4557 1229.42 12.7501 5.93588 74.9822 6.94272 -13 2405 1 0 1
98.8543 -20.6799 1229.42 6.83812 -0.94473 64.834 8.34612 -13 2408 1 0 1
111.235 -95.2988 1229.42 8.30018 -5.8544 75.9199 6.39025 -13 2423 1 0 1
124.925 74.0793 1229.42 8.34115 4.05298 66.9061 6.191 -13 2424 1 0 1
181.766 119.009 1229.42 11.616 6.71976 69.674 7.86046 -13 2429 1 0 1
172.316 19.2459 1229.42 9.3161 0.929505 54.9923 10.1737 -13 2430 1 0 1
122.427 -74.8626 1229.42 8.13817 -3.8726 66.0721 6.1533 -13 2431 1 0 1
73.5618 -66.8572 1229.42 5.00907 -2.74215 51.9342 11.3939 -13 2434 1 0 1
-12.2357 -15.3856 1229.42 -1.07355 -2.53428 56.1221 8.87481 -13 2439 1 0 1
94.608 43.5125 1229.42 5.74822 -2.72163 60.9597 7.56902 -13 2442 1 0 1
71.1618 34.3971 1229.42 5.7281 1.86243 68.2636 9.11114 -13 2443 1 0 1
103.723 -84.4451 1229.42 6.90446 -4.16554 62.0792 8.37756 -13 2446 1 0 1
171.482 120.61 1229.42 10.8402 6.64093 67.9556 7.94708 -13 2447 1 0 1
85.2129 102.648 1229.42 5.67805 4.88464 59.6194 7.16769 -13 2457 1 0 1
184.079 84.5971 1229.42 9.61312 3.67783 53.3326 8.93143 -13 2460 1 0 1
18.7678 -49.6305 1229.42 2.83987 -2.90154 72.4882 5.78576 -13 2461 1 0 1
89.2115 -95.1716 1229.42 6.38649 -5.10001 67.3613 6.63843 -13 2469 1 0 1
176.674 5.55441 1229.42 11.097 0.362414 66.7961 9.37233 -13 2470 1 0 1
-27.1886 -51.8584 1229.42 0.119837 -3.00335 73.9459 6.97391 -13 2471 1 0 1
67.3836 -102.207 1229.42 5.51187 -6.13249 74.0373 8.59375 -13 2476 1 0 1
173.826 -68.1289 1229.42 10.8758 -3.83978 66.1942 8.57336 -13 2481 1 0 1
120.911 -114.073 1229.42 7.18789 -5.35446 58.3036 8.69023 -13 2483 1 0 1
164.16 169.843 1229.42 7.01118 8.77936 45.3475 9.53716 -13 2488 1 0 1
32.9985 -95.0118 1229.42 3.4232 -5.41699 71.4049 9.59923 -13 2492 1 0 1
176.041 48.9707 1229.42 8.69632 1.90729 49.3674 8.93586 -13 2495 1 0 1
-60.272 -111.244 1229.42 -1.99526 -6.55342 71.7491 7.98334 -13 2500 1 0 1
76.2473 -27.3945 1229.42 5.88226 -1.62667 65.6247 6.8886 -13 2502 1 0 1
-38.6433 -18.6096 1229.42 -4.87567 -3.59458 63.9637 8.60882 -13 2504 1 0 1
51.7041 -99.6269 1229.42 4.45305 -5.63398 70.7584 9.56674 -13 2506 1 0 1
-48.1998 -8.81972 1229.42 -0.731388 -0.499939 66.1678 9.66753 -13 2520 1 0 1
60.835 -13.2311 1229.42 5.58847 -0.852866 80.5497 7.45479 -13 2528 1 0 1
54.7796 -85.4095 1229.42 4.5674 -4.53912 66.7461 7.24549 -13 2537 1 0 1
84.4363 -43.8588 1229.42 6.93794 -2.73722 77.6106 6.98827 -13 2538 1 0 1
118.371 16.7507 1229.42 8.26744 0.993774 70.1638 7.43174 -13 2543 1 0 1
181.033 -34.2868 1229.42 12.5783 -2.09334 76.3166 5.51163 -13 2548 1 0 1
100.713 106.68 1229.42 7.25486 6.15642 71.2066 6.31825 -13 2550 1 0 1
-30.1875 -50.344 1229.42 -3.28628 -10.0538 59.8655 5.91527 -13 2551 1 0 1
101.426 47.9261 1229.42 6.92098 2.56466 64.6253 7.08984 -13 2555 1 0 1
140.57 -75.9123 1229.42 7.83804 -3.23711 54.178 7.63489 -13 2559 1 0 1
62.7379 11.5113 1229.42 5.57838 0.716703 77.2924 6.59464 -13 2560 1 0 1
84.4472 -67.5574 1229.42 6.82595 -4.03005 74.4672 5.39003 -13 2561 1 0 1
114.16 -19.8912 1229.42 8.17998 -1.27532 72.1791 5.66753 -13 2566 1 0 1
190.228 -56.0186 1229.42 12.9467 -3.25809 75.2554 6.40829 -13 2575 1 0 1
122.429 76.3033 1229.42 7.73025 3.80406 61.4591 8.03626 -13 2576 1 0 1
-46.0849 41.595 1229.42 -0.492013 2.0515 63.3981 8.03755 -13 2578 1 0 1
49.2076 -58.7552 1229.42 3.70451 -2.19636 44.9246 9.92337 -13 2580 1 0 1
-72.9648 -136.799 1229.42 -2.76539 -7.58112 46.3269 10.9584 -13 2581 1 0 1
160.079 -62.8377 1229.42 6.56576 -1.85394 37.7988 11.8548 -13 2586 1 0 1
58.6193 -60.5473 1229.42 6.20258 -7.49848 43.9649 10.3688 -13 2591 1 0 1
125.748 28.1572 1229.42 8.78894 1.59757 71.5105 9.16579 -13 2595 1 0 1
34.3888 101.651 1229.42 3.28817 5.0346 61.2261 7.94488 -13 2599 1 0 1
167.046 -105.105 1229.42 11.1816 -8.7848 67.1738 8.09669 -13 2601 1 0 1
-8.95589 -91.2567 1229.42 0.914074 -5.64795 77.6474 7.08892 -13 2603 1 0 1
-22.9692 -64.1665 1229.42 0.573575 -3.52614 68.4609 7.04431 -13 2607 1 0 1
19.7363 115.91 1229.42 2.28435 4.38329 47.2446 11.9224 -13 2608 1 0 1
106.853 -103.56 1229.42 8.29772 -6.86375 80.2499 6.71695 -13 2611 1 0 1
125.011 -77.788 1229.42 8.25952 -4.185 65.8531 7.00258 -13 2617 1 0 1
2.23653 -112.642 1229.42 1.43857 -7.22962 80.0387 6.29186 -13 2625 1 0 1
100.278 -108.891 1229.42 7.32386 -6.34299 73.28 7.62538 -13 2628 1 0 1
178.337 -2.03588 1229.42 11.1762 -0.169087 66.7268 8.36247 -13 2629 1 0 1
175.628 155.539 1229.42 5.839 6.69179 37.3995 13.1239 -13 2631 1 0 1
170.459 -12.4326 1229.42 10.5412 -0.556109 65.0205 7.59569 -13 2633 1 0 1
10.5619 -58.5815 1229.42 2.38755 -2.87734 59.1545 8.19524 -13 2643 1 0 1
18.5166 23.9848 1229.42 3.38976 5.5957 74.1733 4.73314 -13 2647 1 0 1
78.575 21.6884 1229.42 5.6753 1.10061 59.9435 8.26623 -13 2652 1 0 1
-34.8876 -47.2743 1229.42 -4.54988 -9.79007 67.2075 9.50542 -13 2653 1 0 1
-70.3692 89.9796 1229.42 -3.19186 5.78249 81.1358 5.33656 -13 2655 1 0 1
29.132 -55.4727 1229.42 5.0458 -13.0125 74.3186 5.25742 -13 2657 1 0 1
91.3787 -147.893 1229.42 2.97574 -7.3107 39.2512 8.60513 -13 2659 1 0 1
95.9522 -120.399 1229.42 6.84042 -6.9109 70.0977 8.77126 -13 2665 1 0 1
110.67 24.1467 1229.42 6.79282 1.06453 57.4578 8.45805 -13 2666 1 0 1
119.141 90.1498 1229.42 8.12798 4.95534 67.8251 6.94594 -13 2671 1 0 1
17.1555 51.9055 1229.42 2.77234 3.07485 71.293 6.9474 -13 2673 1 0 1
117.433 12.4065 1229.42 8.0043 0.780861 67.588 8.12421 -13 2677 1 0 1
27.0335 51.9835 1229.42 3.25181 2.86686 65.1218 6.53876 -13 2682 1 0 1
29.0675 106.13 1229.42 3.13461 6.00955 69.7438 7.38085 -13 2687 1 0 1
46.885 -91.2984 1229.42 4.33315 -5.47506 75.4615 6.98947 -13 2688 1 0 1
55.5765 109.739 1229.42 4.71724 6.47135 72.8635 5.64806 -13 2692 1 0 1
132.957 115.626 1229.42 9.83768 7.51503 79.5983 8.14657 -13 2693 1 0 1
58.8904 -32.2175 1229.42 4.7118 -1.51793 59.391 10.2751 -13 2703 1 0 1
-3.99426 -50.1618 1229.42 1.59005 -2.68896 67.0489 9.43791 -13 2704 1 0 1
99.0706 122.644 1229.42 7.31296 7.51819 74.4573 9.64418 -13 2709 1 0 1
-42.8518 43.3576 1229.42 -1.11484 2.95958 80.1884 6.66702 -13 2719 1 0 1
169.452 -14.2453 1229.42 11.2577 -0.747319 71.1499 6.41601 -13 2722 1 0 1
107.587 40.6134 1229.42 5.6695 1.45215 45.6063 9.14115 -13 2724 1 0 1
176.88 2.48079 1229.42 10.8517 0.263822 65.0239 6.79038 -13 2727 1 0 1
-61.5526 -53.1147 1229.42 -1.43425 -2.51187 62.647 9.29367 -13 2731 1 0 1
187.878 20.9393 1229.42 12.9432 1.37162 76.4402 5.20473 -13 2739 1 0 1
-55.8997 -120.168 1229.42 -1.63163 -6.57677 67.5333 9.46668 -13 2741 1 0 1
95.4402 90.3805 1229.42 7.04465 5.20934 71.0814 5.51105 -13 2742 1 0 1
126.708 -71.3214 1229.42 9.61714 -4.62 79.9034 7.69721 -13 2743 1 0 1
189.261 36.1865 1229.42 11.4227 1.8031 64.4211 7.05363 -13 2744 1 0 1
187.623 -84.6604 1229.42 10.7878 -4.13683 60.3171 8.68124 -13 2749 1 0 1
143.354 75.8444 1229.42 9.3251 4.04877 66.7817 6.87026 -13 2750 1 0 1
166.634 52.1397 1229.42 10.5029 2.81784 66.1553 6.99008 -13 2758 1 0 1
-81.784 70.5159 1229.42 -3.62634 4.49419 78.3393 8.89015 -13 2763 1 0 1
109.833 112.84 1229.42 6.84045 5.53658 59.2795 9.47047 -13 2766 1 0 1
183.732 90.282 1229.42 10.548 4.3708 60.1657 8.74304 -13 2768 1 0 1
131.182 6.09374 1229.42 7.30662 0.335805 53.2333 11.4576 -13 2771 1 0 1
79.4532 -109.264 1229.42 6.04977 -6.33894 71.4106 6.26878 -13 2775 1 0 1
31.6132 126.739 1229.42 3.02744 6.37863 61.1149 8.1137 -13 2782 1 0 1
129.646 65.4398 1229.42 8.61986 3.55476 67.2626 8.53066 -13 2783 1 0 1
71.5053 -50.7448 1229.42 6.12875 -3.15123 76.896 6.54624 -13 2787 1 0 1
189.761 -50.9957 1229.42 12.4689 -2.99765 71.7649 8.03416 -13 2790 1 0 1
105.173 6.46134 1229.42 8.08382 0.363197 77.8251 7.16271 -13 2792 1 0 1
34.1408 53.767 1229.42 3.57879 2.72439 63.9624 9.65244 -13 2794 1 0 1
35.7329 47.3148 1229.42 3.9323 3.19479 80.0618 6.06723 -13 2795 1 0 1
141.875 60.7664 1229.42 8.84163 3.06194 62.8916 11.2506 -13 2802 1 0 1
63.9791 110.512 1229.42 5.2444 6.67873 73.3503 7.60716 -13 2806 1 0 1
61.7385 -22.9986 1229.42 5.24352 -1.28471 69.5236 7.10984 -13 2809 1 0 1
129.841 32.8995 1229.42 7.96965 1.6945 60.5452 8.1111 -13 2819 1 0 1
181.354 77.7633 1229.42 12.2588 4.54834 73.5873 6.45317 -13 2820 1 0 1
170.705 13.718 1229.42 8.40116 0.683235 48.8547 7.7287 -13 2821 1 0 1
102.539 -39.4718 1229.42 6.37333 -2.00465 56.392 12.1412 -13 2829 1 0 1
139.203 -95.0327 1229.42 7.82116 -4.08302 54.8547 8.29526 -13 2834 1 0 1
58.392 47.5122 1229.42 4.84493 2.46964 63.4659 8.22778 -13 2836 1 0 1
144.85 89.8623 1229.42 9.44767 4.85625 67.0013 7.68072 -13 2837 1 0 1
183.983 -51.2958 1229.42 10.0706 -2.4755 56.5274 6.94412 -13 2838 1 0 1
97.4835 53.9421 1229.42 7.19008 3.0018 70.5919 7.01347 -13 2839 1 0 1
-2.65445 -110.536 1229.42 1.35006 -6.1699 68.8417 9.14091 -13 2852 1 0 1
25.5751 -107.863 1229.42 2.98166 -6.44071 73.3421 6.1399 -13 2854 1 0 1
64.9143 -118.177 1229.42 5.09648 -6.77042 68.922 8.15978 -13 2858 1 0 1
59.4357 86.1628 1229.42 4.23456 3.67989 52.9734 8.69203 -13 2863 1 0 1
28.6533 -95.3926 1229.42 3.10837 -4.98535 63.8344 7.13548 -13 2873 1 0 1
173.478 1.73458 1229.42 11.4518 0.0443616 70.89 7.44217 -13 2874 1 0 1
-42.5072 8.97838 1229.42 -0.697533 0.658199 71.8174 7.12468 -13 2875 1 0 1
122.344 77.4348 1229.42 7.82265 3.81999 62.5014 9.07576 -13 2877 1 0 1
183.278 58.1477 1229.42 11.2095 3.02871 65.0513 7.62969 -13 2881 1 0 1
171.874 49.9618 1229.42 11.6033 2.88441 72.8372 9.27482 -13 2882 1 0 1
113.343 -30.4743 1229.42 7.77773 -1.83003 67.6013 7.8065 -13 2883 1 0 1
32.0216 97.5752 1229.42 3.30612 5.29905 66.4731 9.66324 -13 2888 1 0 1
103.443 18.1324 1229.42 7.62336 1.09084 72.5515 5.1827 -13 2891 1 0 1
186.186 -64.5069 1229.42 12.4391 -3.76903 73.0362 6.48534 -13 2896 1 0 1
12.3435 -104.218 1229.42 0.854734 -3.5534 44.564 11.8458 -13 2898 1 0 1
80.6381 48.7302 1229.42 6.36975 2.65818 70.8424 7.12624 -13 2899 1 0 1
21.247 50.7653 1229.42 2.98535 2.63621 66.0522 8.0914 -13 2913 1 0 1
79.366 -13.5669 1229.42 5.94732 -0.647519 64.2131 9.12816 -13 2918 1 0 1
103.529 -56.5087 1229.42 7.04437 -2.82864 64.5369 7.89843 -13 2919 1 0 1
-44.5186 -63.8242 1229.42 -1.27291 -4.2401 81.1341 7.29057 -13 2923 1 0 1
178.686 57.2014 1229.42 11.7569 3.44521 70.9668 6.28601 -13 2933 1 0 1
121.112 44.157 1229.42 13.2662 6.18821 48.944 9.95666 -13 2941 1 0 1
75.7392 -83.8289 1229.42 5.82004 -4.69913 68.6802 7.08447 -13 2944 1 0 1
167.383 -72.9253 1229.42 10.1587 -3.81991 63.2012 9.79778 -13 2947 1 0 1
-21.6145 95.3397 1229.42 0.339167 5.45873 70.3208 9.13026 -13 2948 1 0 1
15.1097 107.033 1229.42 2.36313 5.89523 67.0519 9.16831 -13 2951 1 0 1
-55.6425 51.3694 1229.42 -1.94314 3.20237 80.1357 7.23712 -13 2953 1 0 1
95.3532 80.1993 1229.42 7.50846 5.09705 77.3548 7.70172 -13 2956 1 0 1
175.464 -92.1242 1229.42 12.2609 -5.7627 76.4587 7.19909 -13 2958 1 0 1
160.877 -60.5465 1229.42 10.4845 -3.31963 68.4577 7.65985 -13 2965 1 0 1
10.6537 -103.194 1229.42 2.12871 -5.68402 68.2537 6.35447 -13 2975 1 0 1
149.012 -112.662 1229.42 9.79065 -6.25295 69.457 5.27183 -13 2979 1 0 1
98.121 110.235 1229.42 6.95162 6.13323 69.0811 8.89425 -13 2981 1 0 1
170.65 -60.6335 1229.42 9.42729 -2.8159 56.3232 9.99199 -13 2984 1 0 1
53.8131 -50.8715 1229.42 4.93224 -3.01745 73.4202 7.25474 -13 2985 1 0 1
75.4495 118.671 1229.42 5.93071 7.27851 74.8152 8.65921 -13 2987 1 0 1
36.5579 55.5268 1229.42 3.80748 2.93474 66.0609 7.895 -13 2990 1 0 1
-4.90017 -85.5586 1229.42 1.23696 -5.24091 76.0259 7.35861 -13 2992 1 0 1
114.491 -42.6127 1229.42 8.57072 -2.57325 77.042 7.8454 -13 2995 1 0 1
146.817 -11.565 1229.42 10.5419 -0.681968 76.4749 6.37079 -13 2996 1 0 1
49.5042 -100.205 1229.42 4.41269 -5.96348 72.6276 7.93525 -13 2999 1 0 1
12.6938 -87.2397 1229.42 2.30482 -5.20181 73.0228 4.9452 -13 3000 1 0 1
65.4927 -114.508 1229.42 5.40143 -7.14835 77.1101 7.02507 -13 3002 1 0 1
-34.0396 -18.1532 1229.42 0.0779552 -1.15501 64.7308 8.42997 -13 3004 1 0 1
183.905 0.781934 1229.42 10.2176 -0.00886421 57.7432 9.87212 -13 3007 1 0 1
133.619 119.128 1229.42 8.24932 6.083 62.6095 7.38679 -13 3011 1 0 1
126.573 11.7993 1229.42 9.3248 0.876456 76.9026 8.4084 -13 3022 1 0 1
-88.4888 -150.111 1229.42 -3.44674 -5.85295 30.8692 14.2375 -13 3027 1 0 1
124.798 -73.2612 1229.42 9.04289 -4.4276 74.686 4.92582 -13 3032 1 0 1
-47.4233 23.8033 1229.42 -1.34051 1.52555 79.0015 6.90803 -13 3033 1 0 1
-35.6513 49.8808 1229.42 -0.688613 3.16554 80.5528 8.0542 -13 3040 1 0 1
150.05 -0.74516 1229.42 10.7065 0.0187395 76.2488 7.04458 -13 3041 1 0 1
74.0707 59.9121 1229.42 5.49016 2.97041 60.4748 5.87117 -13 3048 1 0 1
189.064 -8.01717 1229.42 12.5165 -0.552132 72.6952 7.97867 -13 3054 1 0 1
-8.4977 38.2489 1229.42 -0.681641 7.1584 61.954 7.20541 -13 3055 1 0 1
-51.143 -28.9607 1229.42 -1.12519 -1.65526 70.3939 5.07196 -13 3063 1 0 1
13.5888 89.4542 1229.42 2.30405 4.10564 57.4669 9.26602 -13 3066 1 0 1
178.763 -116.133 1229.42 7.8088 -4.06294 43.4706 11.3624 -13 3069 1 0 1
41.8714 106.235 1229.42 3.62904 5.2354 60.8849 7.93792 -13 3073 1 0 1
103.46 88.3561 1229.42 7.91058 5.47205 76.8431 6.51147 -13 3074 1 0 1
55.6431 65.6489 1229.42 5.03333 4.05545 73.2395 6.66299 -13 3076 1 0 1
177.296 -93.2052 1229.42 8.45561 -3.50484 47.2392 8.35231 -13 3081 1 0 1
100.712 -53.1236 1229.42 5.95421 -2.3081 52.1873 10.0214 -13 3082 1 0 1
-19.3982 39.5101 1229.42 0.740217 2.21292 69.4251 8.18988 -13 3084 1 0 1
-25.5044 -49.2418 1229.42 -2.31903 -7.05655 46.6216 8.13219 -13 3085 1 0 1
78.1447 66.7023 1229.42 5.15254 2.84566 51.3666 8.58343 -13 3086 1 0 1
136.805 -74.3079 1229.42 8.88272 -3.98723 65.6632 7.27699 -13 3091 1 0 1
-63.3689 44.3354 1229.42 -2.21619 2.84431 76.8516 7.25399 -13 3094 1 0 1
51.8354 -62.6889 1229.42 4.36886 -2.99429 59.9674 7.81049 -13 3098 1 0 1
149.898 -32.7122 1229.42 9.93001 -1.90981 69.1904 7.42383 -13 3099 1 0 1
96.607 52.7792 1229.42 6.99136 2.97985 68.5535 7.85251 -13 3100 1 0 1
80.4818 33.8814 1229.42 6.09344 1.65884 65.4446 8.06403 -13 3101 1 0 1
66.0711 -71.1666 1229.42 4.85529 -3.22258 55.4798 8.86451 -13 3103 1 0 1
-62.1938 -13.4201 1229.42 -8.94642 -2.98011 71.2341 9.44377 -13 3111 1 0 1
103.23 -87.2 1229.42 6.61081 -4.20459 59.1016 9.77926 -13 3113 1 0 1
101.994 64.9646 1229.42 6.59631 3.09936 59.8014 8.29135 -13 3116 1 0 1
-35.9624 49.7256 1229.42 -0.427262 2.91385 75.4185 6.85563 -13 3119 1 0 1
33.9449 -110.021 1229.42 3.24999 -5.60042 63.7149 7.68599 -13 3121 1 0 1
-13.8227 -40.4686 1229.42 0.872052 -2.3871 75.9972 6.57456 -13 3126 1 0 1
105.64 88.3076 1229.42 7.35024 4.71879 67.4552 7.18618 -13 3135 1 0 1
140.305 -56.5342 1229.42 8.9662 -2.95041 65.0487 6.79663 -13 3139 1 0 1
78.258 -69.5529 1229.42 6.07678 -3.77283 67.3688 8.57269 -13 3145 1 0 1
159.024 -40.4191 1229.42 9.02293 -1.91803 57.4404 8.37345 -13 3148 1 0 1
98.4687 55.8018 1229.42 6.90219 3.06124 66.4347 6.60881 -13 3153 1 0 1
162.392 -0.93174 1229.42 9.75534 0.0137707 62.0773 5.57868 -13 3155 1 0 1
46.4374 -106.076 1229.42 4.06728 -5.84879 69.3514 7.6649 -13 3158 1 0 1
-57.0151 119.149 1229.42 -1.37099 6.05453 62.4617 7.09477 -13 3160 1 0 1
30.4602 -50.3164 1229.42 3.46653 -2.59912 66.1733 7.5776 -13 3174 1 0 1
166.225 -57.3889 1229.42 9.79534 -2.83502 60.7151 8.39974 -13 3178 1 0 1
95.2798 -93.8878 1229.42 7.13918 -5.51947 73.0787 4.74318 -13 3181 1 0 1
97.1238 33.0066 1229.42 6.98772 1.87263 68.2115 8.10859 -13 3184 1 0 1
123.63 98.5078 1229.42 6.91124 4.18488 52.7921 10.6801 -13 3193 1 0 1
143.868 -18.1541 1229.42 8.6294 -0.960594 60.2248 7.99812 -13 3196 1 0 1
51.9227 35.7347 1229.42 7.96077 7.38108 67.2885 9.45712 -13 3198 1 0 1
163.653 -67.115 1229.42 10.984 -3.85318 71.5134 9.60827 -13 3199 1 0 1
-77.8007 19.0405 1229.42 -3.38296 1.19159 78.7119 7.95399 -13 3200 1 0 1
151.755 8.36 1229.42 9.66802 0.356094 65.6723 7.0816 -13 3201 1 0 1
155.29 -6.78147 1229.42 9.72923 -0.388832 64.7087 8.73746 -13 3203 1 0 1
3.63005 -52.8014 1229.42 2.07866 -2.31346 52.3043 11.8337 -13 3211 1 0 1
106.429 32.3354 1229.42 14.1933 5.9286 62.555 7.52623 -13 3218 1 0 1
78.8493 -1.2879 1229.42 5.87179 0.0307577 63.4958 6.11156 -13 3220 1 0 1
188.653 54.1104 1229.42 11.375 2.64091 64.3236 6.68749 -13 3225 1 0 1
180.436 -47.903 1229.42 11.8017 -2.67549 70.6398 6.96381 -13 3226 1 0 1
38.0756 -83.4896 1229.42 3.88945 -5.45037 79.7174 5.79637 -13 3230 1 0 1
124.992 -23.7442 1229.42 7.4008 -1.0936 56.9388 8.57365 -13 3232 1 0 1
116.979 -97.195 1229.42 6.78325 -4.25112 54.3626 7.99537 -13 3235 1 0 1
175.794 -49.912 1229.42 11.3065 -2.79907 68.6513 9.14782 -13 3239 1 0 1
-39.0508 40.8762 1229.42 -5.48011 9.23587 72.0098 7.96186 -13 3241 1 0 1
-60.9427 108.502 1229.42 -2.24692 6.58852 74.8304 5.83225 -13 3243 1 0 1
-30.6123 -17.1491 1229.42 -0.0296934 -1.03506 73.2183 6.34953 -13 3249 1 0 1
185.099 -44.81 1229.42 11.6136 -2.45034 67.6484 6.37703 -13 3254 1 0 1
168.262 50.4084 1229.42 10.3795 2.61495 64.6459 6.88446 -13 3257 1 0 1
118.498 -36.838 1229.42 9.03475 -2.31262 79.5478 7.77558 -13 3259 1 0 1
79.0469 -93.217 1229.42 5.24497 -4.21468 56.2117 10.0884 -13 3265 1 0 1
55.1938 36.8002 1229.42 4.75432 1.92057 65.8556 7.27361 -13 3269 1 0 1
171.249 12.1981 1229.42 11.2967 0.877909 70.4577 7.86689 -13 3271 1 0 1
157.529 84.5812 1229.42 10.9727 4.97495 74.3056 7.39391 -13 3274 1 0 1
82.2518 -40.0048 1229.42 6.93202 -2.39901 80.0809 7.27735 -13 3286 1 0 1
175.131 76.9132 1229.42 10.035 3.58755 59.3332 8.74548 -13 3300 1 0 1
99.7985 -11.4683 1229.42 6.59777 -0.729218 61.1996 8.58386 -13 3303 1 0 1
128.759 126.679 1229.42 9.34015 6.65224 55.7139 10.2722 -13 3305 1 0 1
64.985 39.0582 1229.42 5.60307 2.26911 73.368 8.69079 -13 3309 1 0 1
123.558 -55.888 1229.42 10.1741 -4.52272 59.7508 7.31486 -13 3310 1 0 1
49.8182 -90.6212 1229.42 2.2684 -6.54417 53.494 11.0642 -13 3311 1 0 1
186.046 68.6997 1229.42 11.4197 3.57321 65.5614 9.81316 -13 3320 1 0 1
155.345 -71.8868 1229.42 9.23724 -3.52378 60.5073 8.49275 -13 3329 1 0 1
182.613 -30.1042 1229.42 10.5615 -1.46122 60.6308 5.90409 -13 3340 1 0 1
9.41983 96.2031 1229.42 2.10225 4.99538 63.7564 7.63903 -13 3345 1 0 1
188.017 56.1747 1229.42 11.499 2.9463 65.3195 8.66997 -13 3350 1 0 1
148.279 -102.514 1229.42 4.81193 -4.45494 35.7306 14.2309 -13 3351 1 0 1
155.867 -86.7859 1229.42 7.95645 -5.25443 47.0877 10.4747 -13 3355 1 0 1
154.655 116.421 1229.42 10.0893 6.54923 69.2395 7.136 -13 3356 1 0 1
135.662 -31.0328 1229.42 9.95482 -1.88685 77.4738 5.67716 -13 3358 1 0 1
171.208 -65.9524 1229.42 10.2551 -3.15715 62.4934 7.31349 -13 3362 1 0 1
146.214 -111.28 1229.42 9.26122 -5.9889 65.3234 7.96211 -13 3364 1 0 1
156.396 80.0071 1229.42 10.9113 4.79726 74.568 7.80091 -13 3370 1 0 1
58.0805 -41.6645 1229.42 4.91906 -2.16742 65.9552 7.78216 -13 3373 1 0 1
-62.9277 109.502 1229.42 -2.54206 6.87812 77.4238 4.66306 -13 3374 1 0 1
182.212 76.0123 1229.42 11.2566 4.37346 71.3461 9.66437 -13 3378 1 0 1
-28.9734 110.97 1229.42 -0.00661363 5.86498 65.2179 8.71296 -13 3383 1 0 1
76.4734 85.4317 1229.42 5.53227 4.34015 62.7495 8.88916 -13 3384 1 0 1
-35.5843 91.7228 1229.42 -0.313801 4.89764 66.7822 9.66642 -13 3393 1 0 1
112.015 119.609 1229.42 7.63775 6.68388 69.1231 8.71352 -13 3400 1 0 1
-54.7478 -48.5435 1229.42 -0.930956 -2.32909 60.0959 7.16499 -13 3406 1 0 1
105.074 7.16141 1229.42 6.30918 0.289648 54.1336 8.87825 -13 3411 1 0 1
-37.0718 -111.111 1229.42 -0.612153 -6.16259 69.1235 7.08317 -13 3421 1 0 1
77.3763 98.9531 1229.42 5.64575 5.24414 64.1125 6.32596 -13 3422 1 0 1
29.1991 91.5031 1229.42 3.20922 5.11193 67.8838 6.19702 -13 3423 1 0 1
-76.1531 49.683 1229.42 -3.34264 3.07909 79.716 6.12331 -13 3428 1 0 1
55.4449 -34.5633 1229.42 4.92424 -1.97389 69.8039 9.13449 -13 3432 1 0 1
21.9226 65.6863 1229.42 3.03302 3.58659 69.2646 8.95052 -13 3433 1 0 1
114.458 -19.7217 1229.42 8.02318 -1.08748 69.9617 7.90639 -13 3438 1 0 1
64.5815 38.0705 1229.42 5.36778 2.1696 68.7418 7.51749 -13 3444 1 0 1
128.216 80.4342 1229.42 9.00348 4.61843 72.2164 8.00161 -13 3449 1 0 1
152.219 -55.77 1229.42 9.92136 -3.08402 67.8245 9.27942 -13 3451 1 0 1
106.292 -81.9803 1229.42 7.07748 -4.23266 63.1489 10.3473 -13 3455 1 0 1
128.521 -24.1918 1229.42 7.49722 -1.11988 56.1376 8.98664 -13 3466 1 0 1
153.33 -14.4853 1229.42 10.2897 -0.872106 70.5498 6.48512 -13 3467 1 0 1
-14.8231 68.5906 1229.42 1.07989 3.41444 63.2968 7.66014 -13 3474 1 0 1
136.393 114.532 1229.42 9.59559 7.04089 74.6811 5.34048 -13 3475 1 0 1
142.343 101.379 1229.42 9.06335 5.29364 65.2667 7.93596 -13 3487 1 0 1
41.4989 49.2932 1229.42 4.17945 2.76527 71.8745 7.12877 -13 3488 1 0 1
-84.7354 99.9976 1229.42 -4.11263 6.50149 78.5217 7.43455 -13 3491 1 0 1
84.6018 25.6595 1229.42 3.48355 -0.134046 43.0302 10.504 -13 3496 1 0 1
176.116 82.4149 1229.42 9.90097 3.81589 57.8161 9.58299 -13 3509 1 0 1
101.277 88.4745 1229.42 7.38174 4.99373 71.382 8.48018 -13 3518 1 0 1
38.0312 94.4744 1229.42 3.43838 4.40866 59.1553 8.46647 -13 3527 1 0 1
182.495 18.5652 1229.42 10.4247 0.895641 59.6314 8.70283 -13 3528 1 0 1
78.4833 -20.3773 1229.42 5.87312 -0.997607 63.8386 7.30522 -13 3533 1 0 1
159.228 65.1028 1229.42 9.55001 3.30863 61.3386 7.17722 -13 3535 1 0 1
168.751 124.66 1229.42 11.2996 7.59114 52.4548 8.54234 -13 3537 1 0 1
119.11 28.2264 1229.42 7.85846 1.52504 64.9099 7.8009 -13 3538 1 0 1
79.6786 -17.3934 1229.42 -5.3447 3.8088 36.0564 7.69987 -13 3542 1 0 1
180.273 -7.80444 1229.42 11.3954 -0.306016 67.7694 8.12389 -13 3545 1 0 1
34.6771 -104.423 1229.42 3.40867 -5.57711 65.7071 7.32189 -13 3546 1 0 1
16.6889 -106.625 1229.42 2.35137 -4.93355 57.4113 7.11602 -13 3547 1 0 1
74.0592 -30.7214 1229.42 5.51625 -1.48624 61.4152 9.34328 -13 3553 1 0 1
109.824 77.5551 1229.42 6.95026 3.71398 59.4273 9.09832 -13 3561 1 0 1
-61.0184 116.065 1229.42 -2.40918 7.35096 77.121 7.46321 -13 3581 1 0 1
112.516 -63.6395 1229.42 7.68908 -3.47943 66.8887 8.75307 -13 3584 1 0 1
140.558 -30.3795 1229.42 9.49525 -1.62289 69.921 6.49568 -13 3586 1 0 1
68.5142 2.47291 1229.42 5.57697 0.0930376 68.2631 9.04924 -13 3587 1 0 1
110.295 43.8656 1229.42 7.42017 2.35504 65.2562 8.23401 -13 3592 1 0 1
72.6901 45.1309 1229.42 5.37365 2.14789 59.9762 7.9968 -13 3594 1 0 1
121.401 -87.2967 1229.42 9.11588 -5.57721 78.2335 9.35636 -13 3596 1 0 1
112.199 -94.7127 1229.42 6.19226 -3.88674 49.625 9.79001 -13 3597 1 0 1
101.467 -91.2157 1229.42 6.68976 -4.48852 61.3411 8.44604 -13 3608 1 0 1
61.5018 31.7017 1229.42 5.22337 1.84112 69.6965 6.45858 -13 3612 1 0 1
145.165 52.9381 1229.42 8.02102 2.29399 53.9758 10.4511 -13 3615 1 0 1
57.5147 -55.3823 1229.42 4.97586 -2.98775 68.1462 6.87082 -13 3618 1 0 1
166.476 53.091 1229.42 8.56229 2.21057 51.1128 7.9195 -13 3626 1 0 1
60.0853 -100.849 1229.42 4.39624 -4.5744 57.2203 8.31109 -13 3632 1 0 1
-27.9982 -93.5073 1229.42 0.217606 -4.75706 62.542 9.43424 -13 3634 1 0 1
156.28 99.6315 1229.42 8.95724 4.69327 58.0588 7.56555 -13 3638 1 0 1
150.939 73.094 1229.42 9.89537 4.11927 68.2074 7.88675 -13 3639 1 0 1
139.26 58.7189 1229.42 8.77889 3.08429 63.6887 6.80486 -13 3642 1 0 1
-32.2605 71.107 1229.42 0.424949 3.36437 57.1607 9.43591 -13 3650 1 0 1
160.527 135.303 1229.42 9.45763 9.45551 55.2277 8.54197 -13 3654 1 0 1
118.055 12.9328 1229.42 8.71589 0.851336 76.0312 7.82646 -13 3656 1 0 1
75.3877 -18.0161 1229.42 -5.81011 -1.97558 29.2608 7.13563 -13 3660 1 0 1
-6.90044 -104.888 1229.42 1.15257 -6.00154 70.0553 7.32233 -13 3662 1 0 1
1.90463 2.08184 1229.42 0.770825 0.479859 70.8885 5.93596 -13 3664 1 0 1
111.659 -8.98274 1229.42 7.69857 -0.456423 67.8037 7.28663 -13 3666 1 0 1
187.704 48.4263 1229.42 10.1726 2.21572 56.1706 9.45795 -13 3674 1 0 1
157.156 -11.4538 1229.42 9.60967 -0.609638 62.9679 8.82118 -13 3680 1 0 1
186.51 -32.7912 1229.42 9.66713 -1.38542 53.2333 9.22214 -13 3687 1 0 1
160.105 34.6308 1229.42 10.739 1.85305 71.1786 7.78457 -13 3690 1 0 1
116.511 -121.434 1229.42 8.7376 -7.90253 79.7919 9.17459 -13 3691 1 0 1
95.5473 13.4783 1229.42 6.68901 0.827972 64.958 7.02995 -13 3696 1 0 1
1.40015 -90.2906 1229.42 1.67355 -4.8684 65.3156 9.21434 -13 3707 1 0 1
177.043 -91.5194 1229.42 10.8252 -4.57528 64.7266 6.75936 -13 3713 1 0 1
131.706 -111.387 1229.42 9.10694 -6.41037 72.3986 6.66509 -13 3714 1 0 1
6.98546 104.476 1229.42 1.95935 4.82944 56.4947 8.13696 -13 3720 1 0 1
129.149 11.5481 1229.42 6.92077 0.464588 50.1079 9.78873 -13 3722 1 0 1
105.748 -26.0902 1229.42 7.91154 -1.4197 74.7735 6.60746 -13 3723 1 0 1
54.6139 48.7316 1229.42 8.88981 11.2191 72.7505 9.05936 -13 3727 1 0 1
-59.1793 -41.6614 1229.42 -1.47505 -2.36607 68.158 9.22997 -13 3728 1 0 1
49.5455 63.685 1229.42 3.99896 2.65909 52.4568 7.68778 -13 3731 1 0 1
-7.74942 -117.914 1229.42 1.04999 -6.47097 67.3677 8.88883 -13 3734 1 0 1
130.107 60.02 1229.42 9.16051 3.56902 72.6498 7.17671 -13 3738 1 0 1
113.124 10.5196 1229.42 7.55554 0.583329 65.1138 9.6068 -13 3742 1 0 1
116.854 -69.8024 1229.42 7.93971 -3.73047 67.2411 10.3691 -13 3744 1 0 1
56.4974 96.6394 1229.42 4.83453 5.64118 72.4347 6.90824 -13 3746 1 0 1
188.826 15.7048 1229.42 12.2832 0.910105 70.7714 7.88603 -13 3748 1 0 1
180.168 -110.525 1229.42 11.1664 -5.9177 66.698 7.00173 -13 3749 1 0 1
19.4745 59.8161 1229.42 2.90476 3.41386 72.5033 7.03719 -13 3753 1 0 1
100.829 59.8159 1229.42 7.43994 3.42303 72.3215 7.82383 -13 3755 1 0 1
23.3233 54.2897 1229.42 3.15578 3.59465 78.7238 7.03395 -13 3758 1 0 1
-47.5466 27.4983 1229.42 -6.9542 6.43149 73.98 7.75281 -13 3762 1 0 1
159.034 69.7432 1229.42 10.0088 3.47411 65.3123 7.67352 -13 3765 1 0 1
140.009 83.5484 1229.42 8.46205 4.01875 60.24 7.35632 -13 3769 1 0 1
26.6883 114.303 1229.42 2.99873 7.08634 76.6893 7.54589 -13 3772 1 0 1
-75.8139 -37.0307 1229.42 -3.06288 -2.27581 76.4202 7.15405 -13 3774 1 0 1
-44.7645 -55.0117 1229.42 -0.288567 -2.60672 58.894 9.87408 -13 3776 1 0 1
37.6919 -40.1324 1229.42 5.71232 -7.88202 64.566 6.99712 -13 3787 1 0 1
161.825 10.9492 1229.42 9.58442 0.586419 60.7886 9.29461 -13 3789 1 0 1
-31.0719 -13.846 1229.42 -0.0773547 -0.651521 73.5536 6.92213 -13 3792 1 0 1
31.5913 -54.8137 1229.42 3.21718 -2.31407 51.4824 9.80385 -13 3793 1 0 1
132.098 -65.6106 1229.42 6.8649 -3.00505 39.4478 11.2841 -13 3796 1 0 1
66.7936 92.709 1229.42 5.41836 5.43759 71.2513 5.36036 -13 3798 1 0 1
180.986 34.5386 1229.42 10.4937 1.76709 60.5771 10.134 -13 3806 1 0 1
73.6759 32.2626 1229.42 5.98905 1.67491 70.4646 7.19663 -13 3813 1 0 1
172.441 -15.4737 1229.42 10.178 -0.780301 61.3739 9.97336 -13 3818 1 0 1
-57.0804 20.1191 1229.42 -8.88502 5.03218 78.22 8.04846 -13 3823 1 0 1
85.6546 124.329 1229.42 6.75051 8.20601 79.5232 7.60666 -13 3824 1 0 1
127.381 67.2857 1229.42 9.54186 4.19867 78.7245 6.3758 -13 3825 1 0 1
31.1769 -108.82 1229.42 3.09206 -5.42381 61.694 7.77731 -13 3827 1 0 1
-50.6912 84.6265 1229.42 -1.2054 4.53001 69.0152 7.64774 -13 3829 1 0 1
66.2672 -50.844 1229.42 5.1917 -2.52183 61.6678 5.57416 -13 3830 1 0 1
188.117 -55.7907 1229.42 11.9755 -2.95591 68.3712 8.95379 -13 3831 1 0 1
165.314 -20.5899 1229.42 9.61767 -0.97583 59.819 7.72888 -13 3832 1 0 1
69.0276 9.67791 1229.42 5.2503 0.456515 60.4188 8.74782 -13 3835 1 0 1
-53.7092 -64.7774 1229.42 -0.998627 -3.45868 64.7152 10.4729 -13 3838 1 0 1
129.444 -88.5524 1229.42 9.17072 -5.23231 73.2015 7.15819 -13 3842 1 0 1
126.373 -24.761 1229.42 7.53151 -1.22036 57.7961 8.89943 -13 3845 1 0 1
146.346 -84.7201 1229.42 10.6688 -5.5472 78.1273 8.08728 -13 3846 1 0 1
-22.7094 30.5113 1229.42 0.515293 1.73748 70.0307 7.5001 -13 3852 1 0 1
106.979 40.1124 1229.42 8.14821 2.47947 77.98 8.90593 -13 3855 1 0 1
47.8872 41.3082 1229.42 4.54191 2.41303 72.4058 5.14083 -13 3860 1 0 1
-33.0827 12.4891 1229.42 0.431198 0.662993 54.7197 9.5087 -13 3861 1 0 1
7.45028 86.6095 1229.42 1.99999 5.05846 73.0923 6.07805 -13 3862 1 0 1
20.8177 108.15 1229.42 2.62555 6.21952 72.2174 5.11966 -13 3873 1 0 1
136.88 70.7116 1229.42 10.0296 4.48356 77.5133 8.78822 -13 3876 1 0 1
183.727 -76.354 1229.42 10.2399 -3.56457 58.0481 8.82244 -13 3877 1 0 1
69.4291 7.75777 1229.42 10.1896 1.51428 64.8921 6.93308 -13 3879 1 0 1
119.894 -22.1013 1229.42 8.14831 -1.1657 67.9123 5.02733 -13 3881 1 0 1
144.191 42.9878 1229.42 10.0447 2.44636 73.0949 7.18916 -13 3883 1 0 1
22.7161 86.6624 1229.42 2.88788 4.84271 71.1786 6.57577 -13 3885 1 0 1
16.1987 88.2461 1229.42 2.45002 5.66666 78.5842 5.1943 -13 3893 1 0 1
110.544 -52.1719 1229.42 5.64965 -1.87907 43.997 9.84541 -13 3895 1 0 1
170.558 75.89 1229.42 11.7322 4.52335 74.6146 8.38231 -13 3897 1 0 1
50.2212 -57.7545 1229.42 4.61559 -3.20689 69.664 7.28083 -13 3898 1 0 1
117.505 18.2826 1229.42 8.2508 1.05875 70.508 8.13147 -13 3899 1 0 1
-72.581 -123.601 1229.42 -2.81528 -7.32327 71.7784 7.95082 -13 3906 1 0 1
60.6488 -50.3515 1229.42 4.91528 -2.67341 63.0445 8.45558 -13 3907 1 0 1
164.31 -72.7297 1229.42 10.7554 -3.9437 69.2831 8.17186 -13 3913 1 0 1
141.514 172.629 1229.42 7.69189 11.518 54.0543 9.10432 -13 3916 1 0 1
167.465 79.2264 1229.42 10.6985 4.38131 67.1103 5.66224 -13 3918 1 0 1
-20.1531 104.877 1229.42 0.381192 6.02136 70.3983 8.97022 -13 3920 1 0 1
112.269 20.5469 1229.42 7.08987 0.946455 59.9512 8.71982 -13 3928 1 0 1
119.6 85.6902 1229.42 8.27874 4.81869 69.5326 7.40936 -13 3929 1 0 1
97.4975 60.532 1229.42 6.95357 3.19047 67.4272 8.53834 -13 3930 1 0 1
49.6849 -89.9979 1229.42 3.99664 -4.28901 58.2664 9.10651 -13 3931 1 0 1
79.2078 -93.3234 1229.42 6.28087 -5.58891 74.2352 6.45139 -13 3937 1 0 1
14.2464 -97.3653 1229.42 2.32553 -5.44117 70.0099 6.07036 -13 3938 1 0 1
42.9451 -41.4634 1229.42 4.15086 -2.21596 66.6365 8.18655 -13 3946 1 0 1
149.952 -54.3096 1229.42 10.5066 -3.2927 74.4624 7.0737 -13 3948 1 0 1
107.933 92.4737 1229.42 7.80997 5.3435 72.0429 7.83373 -13 3954 1 0 1
185.783 26.1168 1229.42 11.2678 1.51973 64.5445 9.30671 -13 3955 1 0 1
-23.1186 -84.012 1229.42 0.149877 -5.02239 74.719 8.28682 -13 3956 1 0 1
-8.31656 61.7773 1229.42 1.22489 3.72184 74.8765 8.38378 -13 3961 1 0 1
-68.3 -86.5971 1229.42 -2.78785 -5.50868 77.3076 7.07547 -13 3964 1 0 1
16.0127 -111.874 1229.42 2.33174 -5.52412 60.2684 7.94595 -13 3966 1 0 1
-5.26049 72.898 1229.42 1.47632 4.05902 69.7199 6.19266 -13 3969 1 0 1
-41.3728 72.4804 1229.42 -0.105346 3.54701 59.4789 8.61878 -13 3974 1 0 1
39.6054 114.146 1229.42 3.03957 4.31211 46.2594 7.79816 -13 3978 1 0 1
120.439 35.4488 1229.42 8.3539 2.08034 69.9355 4.49732 -13 3983 1 0 1
99.5101 82.5543 1229.42 6.75523 4.27337 63.2127 9.32161 -13 3986 1 0 1
27.6528 -113.395 1229.42 2.92138 -6.15955 68.4105 6.8259 -13 3989 1 0 1
180.207 -66.8561 1229.42 12.5066 -4.1406 76.126 6.4057 -13 3990 1 0 1
-102.071 -22.6963 1229.42 -5.63614 -2.13342 38.1206 12.7998 -13 3993 1 0 1
152.302 -21.2088 1229.42 10.1788 -1.21224 70.2904 7.27719 -13 3998 1 0 1
85.0551 -84.1287 1229.42 5.9976 -4.21642 63.1368 8.47238 -13 4000 1 0 1
171.09 -24.4958 1229.42 11.0683 -1.28046 68.8843 8.153 -13 4002 1 0 1
136.345 42.831 1229.42 8.49311 2.24213 62.5341 8.29189 -13 4014 1 0 1
162.638 68.2869 1229.42 10.318 3.62662 66.1896 5.7952 -13 4018 1 0 1
168.76 65.4485 1229.42 11.9351 4.18385 77.2133 7.13044 -13 4023 1 0 1
115.473 42.8595 1229.42 8.0767 2.42975 70.0259 4.62897 -13 4026 1 0 1
122.678 -22.8509 1229.42 8.16081 -1.18074 66.3726 7.8455 -13 4027 1 0 1
102.164 97.017 1229.42 7.85498 5.96592 78.2714 5.90623 -13 4031 1 0 1
56.2233 -104.119 1229.42 4.68249 -5.88369 70.2298 8.00567 -13 4035 1 0 1
136.728 -60.2469 1229.42 9.18776 -3.22939 68.7492 9.98956 -13 4039 1 0 1
99.7639 24.5713 1229.42 7.51151 1.40429 74.2033 7.63938 -13 4040 1 0 1
99.5272 -26.2071 1229.42 7.72035 -1.36278 77.569 7.9628 -13 4042 1 0 1
96.6051 56.94 1229.42 5.62446 2.31326 49.7971 10.6793 -13 4043 1 0 1
68.2276 -37.2379 1229.42 5.4033 -2.05643 64.3557 6.40755 -13 4046 1 0 1
114.875 67.2212 1229.42 8.12918 3.79547 70.8048 7.1383 -13 4049 1 0 1
102.275 43.9616 1229.42 7.24555 2.39357 68.1872 7.3448 -13 4050 1 0 1
98.0675 25.0847 1229.42 5.20627 0.76438 43.7503 10.8959 -13 4059 1 0 1
74.0518 104.481 1229.42 5.47461 5.56396 66.0116 6.42877 -13 4060 1 0 1
175.22 -14.3443 1229.42 11.6218 -0.696199 71.5291 7.91455 -13 4061 1 0 1
65.8554 -66.2723 1229.42 5.48192 -3.72652 69.3102 6.2739 -13 4062 1 0 1
-51.0732 60.3586 1229.42 -1.43486 3.89027 76.762 6.25098 -13 4064 1 0 1
61.4071 -110.362 1229.42 4.7279 -5.82891 65.4567 8.04021 -13 4067 1 0 1
185.784 67.2373 1229.42 11.5087 3.58309 66.3344 11.9417 -13 4068 1 0 1
179.901 -63.5355 1229.42 11.3992 -3.60133 67.7599 7.87716 -13 4070 1 0 1
74.5823 -64.384 1229.42 5.50641 -3.11165 60.7563 7.73435 -13 4071 1 0 1
30.9961 110.705 1229.42 3.13771 5.88162 66.3461 8.27526 -13 4074 1 0 1
103.409 75.1748 1229.42 7.21767 4.22035 67.0724 8.60042 -13 4077 1 0 1
-51.6637 -95.5266 1229.42 -1.12348 -5.00554 65.573 7.5738 -13 4078 1 0 1
61.3181 -115.918 1229.42 5.07785 -7.06148 73.867 6.7742 -13 4080 1 0 1
21.6547 -70.1151 1229.42 2.98131 -3.66716 65.2194 9.38642 -13 4081 1 0 1
80.8939 -100.974 1229.42 6.56821 -6.56598 80.16 7.55691 -13 4082 1 0 1
96.0094 -104.186 1229.42 7.03341 -5.96811 72.3715 6.79514 -13 4087 1 0 1
21.5006 -71.667 1229.42 3.39836 -2.47982 51.1684 9.97667 -13 4089 1 0 1
149.263 -69.4441 1229.42 10.6522 -4.38101 76.0229 9.09899 -13 4100 1 0 1
-38.9185 44.0052 1229.42 -0.893892 2.93741 79.4648 6.09277 -13 4106 1 0 1
116.058 86.8458 1229.42 8.72418 5.46045 77.4388 8.8096 -13 4108 1 0 1
103.883 35.2455 1229.42 6.35979 1.65989 55.6185 8.55648 -13 4109 1 0 1
24.3285 -107.716 1229.42 2.72435 -4.99756 56.5791 7.26448 -13 4110 1 0 1
62.6355 52.1439 1229.42 5.13592 2.66758 65.2143 7.33642 -13 4114 1 0 1
139.584 142.465 1229.42 14.4492 18.1188 45.6547 8.75146 -13 4117 1 0 1
182.085 -53.3694 1229.42 10.307 -2.59859 58.9385 8.40244 -13 4122 1 0 1
100.223 85.3452 1229.42 7.28063 4.84045 70.7684 7.7045 -13 4124 1 0 1
62.4228 -94.1457 1229.42 5.19281 -5.38416 71.821 8.28733 -13 4130 1 0 1
103.134 35.9882 1229.42 7.8537 2.1907 76.6137 8.92422 -13 4131 1 0 1
30.986 -67.9273 1229.42 3.40556 -3.46855 62.2276 6.08857 -13 4134 1 0 1
3.47994 71.5946 1229.42 1.99745 4.06748 71.8666 7.86058 -13 4135 1 0 1
130.725 65.8378 1229.42 7.42446 2.9102 54.5077 9.07672 -13 4136 1 0 1
61.7288 -68.2239 1229.42 5.11577 -3.66437 66.0719 7.7155 -13 4137 1 0 1
48.5343 94.073 1229.42 4.12391 4.91211 64.0695 8.36651 -13 4142 1 0 1
75.6646 -18.7254 1229.42 5.79412 -0.915466 64.8523 9.32068 -13 4146 1 0 1
169.298 91.7331 1229.42 11.5692 5.45946 73.3802 6.81713 -13 4158 1 0 1
152.732 38.7499 1229.42 10.334 2.24297 71.4025 6.22405 -13 4161 1 0 1
185.431 41.5622 1229.42 9.26166 1.62042 50.5357 8.14204 -13 4173 1 0 1
69.5454 -117.042 1229.42 5.53342 -7.02306 73.349 7.96408 -13 4180 1 0 1
177.973 19.5616 1229.42 10.3193 0.917698 60.5225 11.3695 -13 4187 1 0 1
168.083 -45.6976 1229.42 10.6136 -2.38471 66.685 8.00528 -13 4190 1 0 1
126.012 39.9801 1229.42 9.06291 2.40607 74.3731 6.90437 -13 4194 1 0 1
9.81938 -82.9788 1229.42 2.15342 -5.20203 77.4338 5.89932 -13 4196 1 0 1
76.3272 -113.49 1229.42 5.68344 -6.28917 69.3798 6.3729 -13 4197 1 0 1
109.542 31.5059 1229.42 7.70112 1.84682 69.3002 9.0124 -13 4198 1 0 1
151.211 123.072 1229.42 9.59566 6.81458 66.923 8.15 -13 4201 1 0 1
123.44 -72.387 1229.42 8.44123 -3.95699 68.8918 6.17686 -13 4208 1 0 1
85.093 34.165 1229.42 11.3132 5.91006 58.5665 5.95087 -13 4212 1 0 1
131.213 -120.304 1229.42 8.46826 -6.53844 65.8547 7.3602 -13 4214 1 0 1
108.356 138.17 1229.42 5.56008 7.15339 44.3024 12.3628 -13 4216 1 0 1
104.757 175.547 1229.42 4.75337 10.0513 63.8367 8.77693 -13 4220 1 0 1
59.0721 -48.31 1229.42 4.68955 -2.19402 58.8552 6.75719 -13 4221 1 0 1
161.247 7.968 1229.42 10.3898 0.428113 67.7821 8.7332 -13 4224 1 0 1
120.626 -109.424 1229.42 6.00584 -3.99932 45.43 11.2134 -13 4229 1 0 1
148.348 111.52 1229.42 9.92017 6.38062 70.8237 6.38834 -13 4232 1 0 1
69.7302 58.1101 1229.42 5.29808 2.88689 60.7258 8.40709 -13 4235 1 0 1
81.483 147.399 1229.42 5.63601 8.47691 66.8606 7.48569 -13 4236 1 0 1
75.3188 -105.278 1229.42 3.97047 -8.04899 57.7463 10.096 -13 4239 1 0 1
48.8427 60.1174 1229.42 4.06289 2.73482 54.8906 7.50108 -13 4241 1 0 1
171.724 4.9918 1229.42 8.31118 0.287624 47.83 9.49628 -13 4243 1 0 1
112.612 109.76 1229.42 6.22674 4.56487 50.993 9.17988 -13 4249 1 0 1
188.662 0.037664 1229.42 11.6899 0.147897 66.5167 8.17725 -13 4251 1 0 1
130.45 -102.344 1229.42 8.83476 -5.72999 69.2358 8.92598 -13 4252 1 0 1
186.842 -12.5626 1229.42 13.4397 -0.768395 80.4706 6.40117 -13 4253 1 0 1
-41.2442 -13.0037 1229.42 -0.0282359 -0.600309 56.4578 7.01096 -13 4257 1 0 1
68.3472 -56.6813 1229.42 5.77527 -3.18821 72.9765 7.23147 -13 4259 1 0 1
182.393 2.09843 1229.42 11.0238 0.0387425 64.1301 6.14705 -13 4260 1 0 1
67.1604 54.7734 1229.42 9.90185 10.9682 65.3495 6.58382 -13 4265 1 0 1
137.952 -68.4122 1229.42 8.96895 -3.61171 66.044 8.69034 -13 4267 1 0 1
29.6803 -111.92 1229.42 3.08699 -6.03378 67.1049 8.44888 -13 4272 1 0 1
14.4105 -70.1508 1229.42 2.60874 -3.82392 65.9674 8.81136 -13 4278 1 0 1
132.986 40.4563 1229.42 8.35819 2.0796 62.7708 8.97427 -13 4281 1 0 1
154.753 8.7983 1229.42 9.24978 0.349331 60.9955 8.01558 -13 4282 1 0 1
130.344 -26.7412 1229.42 8.7418 -1.48059 68.1398 7.99874 -13 4289 1 0 1
-36.0127 11.9207 1229.42 0.261581 0.600585 56.355 8.46905 -13 4293 1 0 1
177.166 -36.5569 1229.42 10.9385 -1.82166 65.4879 8.32212 -13 4294 1 0 1
138.78 -5.10615 1229.42 9.96495 -0.19339 75.9016 9.00873 -13 4298 1 0 1
188.55 -10.9983 1229.42 10.0303 -0.310604 55.0696 9.01359 -13 4300 1 0 1
99.5806 95.0173 1229.42 7.30501 5.45021 71.8488 6.79187 -13 4305 1 0 1
184.944 -93.9045 1229.42 12.2044 -5.51153 71.8002 7.99483 -13 4306 1 0 1
52.3116 -49.2347 1229.42 4.63143 -2.6042 66.3419 7.90667 -13 4309 1 0 1
188.756 -74.5167 1229.42 10.3677 -3.46289 57.3183 7.36672 -13 4312 1 0 1
186.282 -24.4405 1229.42 11.1811 -1.34413 63.9036 6.45601 -13 4315 1 0 1
124.867 -38.6989 1229.42 8.69323 -2.11459 71.1389 7.76963 -13 4318 1 0 1
53.0982 124.298 1229.42 3.37845 7.83884 77.1272 5.16038 -13 4319 1 0 1
150.076 83.99 1229.42 6.07624 2.54092 36.2307 15.3676 -13 4321 1 0 1
-174.84 125.447 1229.42 -1.84508 1.0524 8.82922 39.103 -13 4326 1 0 1
164.461 -44.7778 1229.42 11.087 -2.75306 72.0813 7.30761 -13 4328 1 0 1
-75.6955 169.39 1229.42 -3.80895 12.7924 64.2458 6.78219 -13 4329 1 0 1
182.809 3.54543 1229.42 9.96581 0.204169 56.2624 8.85654 -13 4330 1 0 1
131.408 -44.3331 1229.42 8.39995 -2.22644 63.7 6.4082 -13 4332 1 0 1
40.675 99.07 1229.42 4.02685 6.49155 79.2002 7.54866 -13 4333 1 0 1
40.4991 87.2196 1229.42 3.90265 4.92831 70.1545 7.58972 -13 4335 1 0 1
184.925 -23.7816 1229.42 11.5759 -1.37597 67.2966 8.4477 -13 4337 1 0 1
55.7594 85.1317 1229.42 4.55222 4.4789 64.4943 8.13246 -13 4343 1 0 1
-144.808 -111.309 1229.42 -8.61639 -7.96078 52.3584 6.64183 -13 4344 1 0 1
-40.1713 -91.5763 1229.42 -0.645497 -5.12956 69.0311 6.92327 -13 4346 1 0 1
21.8062 132.166 1229.42 1.50015 7.56847 46.3965 11.3012 -13 4351 1 0 1
106.219 -3.9602 1229.42 7.19008 -0.178411 64.8478 9.50021 -13 4362 1 0 1
75.6576 46.0982 1229.42 4.97413 1.81954 50.3631 7.54046 -13 4368 1 0 1
1.10955 -73.5087 1229.42 0.545443 -11.3816 52.9021 9.11879 -13 4369 1 0 1
103.819 -87.281 1229.42 7.86134 -3.4104 20.8706 6.46467 -13 4373 1 0 1
63.7446 -42.6361 1229.42 5.32934 -2.30602 68.065 7.23441 -13 4374 1 0 1
48.7635 -110.122 1229.42 4.10163 -5.89744 65.1978 5.86333 -13 4377 1 0 1
127.858 -47.042 1229.42 9.17483 -2.74025 74.4047 6.64619 -13 4379 1 0 1
32.9687 57.3477 1229.42 3.68195 3.19286 71.651 8.08006 -13 4380 1 0 1
185.934 77.6219 1229.42 11.2777 4.12923 64.6519 6.65748 -13 4384 1 0 1
-15.2757 59.2895 1229.42 0.907258 3.40156 71.4631 8.73574 -13 4391 1 0 1
-21.0796 -42.3334 1229.42 -2.40217 -8.04907 62.827 6.28604 -13 4392 1 0 1
23.5799 -118.865 1229.42 2.69087 -6.46062 66.8871 7.87545 -13 4394 1 0 1
-45.7329 -82.9212 1229.42 -1.45304 -5.24525 79.2054 8.53433 -13 4404 1 0 1
103.877 -87.5032 1229.42 6.97313 -4.48115 63.7795 8.35047 -13 4406 1 0 1
141.613 -33.3608 1229.42 7.83011 -1.42004 53.9016 7.96056 -13 4409 1 0 1
149.64 -17.3887 1229.42 10.7797 -1.24387 77.2012 6.78528 -13 4411 1 0 1
87.4244 104.271 1229.42 7.6587 6.19546 57.3136 10.7394 -13 4412 1 0 1
130.808 17.9676 1229.42 7.59445 0.861101 56.1618 7.69667 -13 4413 1 0 1
115.962 101.454 1229.42 7.39202 5.10186 61.7209 8.17605 -13 4422 1 0 1
49.7669 -88.8038 1229.42 2.3838 -4.18382 37.8853 12.5204 -13 4423 1 0 1
150.969 -30.5476 1229.42 9.55515 -1.63506 65.3481 7.39195 -13 4425 1 0 1
67.5699 -93.9641 1229.42 5.59303 -5.66682 74.7966 7.90112 -13 4432 1 0 1
2.03507 -97.4827 1229.42 1.74523 -4.02092 51.5559 9.67209 -13 4434 1 0 1
4.55682 -54.9053 1229.42 2.08484 -2.69481 60.3285 10.1467 -13 4435 1 0 1
82.1151 -64.3697 1229.42 6.59688 -3.94084 73.0611 7.03693 -13 4437 1 0 1
-38.2834 44.6301 1229.42 -0.240372 2.5511 66.6033 8.95763 -13 4438 1 0 1
35.4686 -27.9268 1229.42 5.91313 -6.29582 72.1243 6.28021 -13 4446 1 0 1
176.741 105.263 1229.42 8.98582 4.36943 51.7805 9.62394 -13 4451 1 0 1
150.871 12.5596 1229.42 9.2028 0.606358 62.2067 8.73173 -13 4455 1 0 1
139.178 117.765 1229.42 9.06948 6.50303 68.7539 7.38329 -13 4461 1 0 1
11.296 86.1799 1229.42 2.21383 5.3949 75.9366 5.53922 -13 4464 1 0 1
102.48 98.7083 1229.42 6.93922 5.08901 64.5081 8.33191 -13 4470 1 0 1
16.5713 -48.5323 1229.42 2.53788 -1.81781 46.7056 8.85101 -13 4471 1 0 1
100.227 -31.5676 1229.42 4.80223 -0.92001 37.9527 12.0488 -13 4472 1 0 1
64.1901 -10.0885 1229.42 5.70941 -0.609499 77.7076 7.80426 -13 4475 1 0 1
17.7619 106.194 1229.42 2.5089 6.11018 71.2677 6.43585 -13 4477 1 0 1
39.9858 65.0915 1229.42 4.14586 4.03421 74.0351 6.92656 -13 4479 1 0 1
72.8251 -57.021 1229.42 -10.0349 5.30328 47.6429 6.63753 -13 4485 1 0 1
40.9853 -159.426 1229.42 0.154622 -8.06901 43.322 10.2644 -13 4492 1 0 1
178.945 -101.309 1229.42 12.3196 -6.12957 74.9665 6.67638 -13 4493 1 0 1
11.5958 -55.1076 1229.42 2.44736 -2.65276 60.8537 8.24473 -13 4500 1 0 1
-31.077 88.1884 1229.42 0.107859 4.67371 63.0181 7.38567 -13 4501 1 0 1
98.6606 10.9896 1229.42 7.25359 0.662952 70.7986 9.52044 -13 4506 1 0 1
79.8562 22.1045 1229.42 6.55519 1.29192 74.7771 7.20965 -13 4508 1 0 1
39.0919 -56.6553 1229.42 0.308515 -1.68355 57.4943 8.81955 -13 4510 1 0 1
110.736 107.604 1229.42 7.30616 5.57329 64.9184 8.38273 -13 4514 1 0 1
42.4081 70.8099 1229.42 4.2153 4.06948 71.1741 9.47984 -13 4522 1 0 1
154.307 66.0694 1229.42 10.9758 4.00585 76.305 7.0216 -13 4523 1 0 1
145.381 -27.8728 1229.42 9.39176 -1.4388 66.4393 7.56556 -13 4531 1 0 1
166.835 100.344 1229.42 9.44785 4.75024 57.9948 8.69274 -13 4536 1 0 1
-5.84809 -95.3234 1229.42 1.2558 -5.27046 68.3101 8.92948 -13 4537 1 0 1
20.783 -122.671 1229.42 2.67536 -7.45778 72.1316 7.16194 -13 4538 1 0 1
26.1401 -105.059 1229.42 2.82761 -4.95058 58.1131 8.71298 -13 4541 1 0 1
1.39244 -84.5139 1229.42 1.67388 -4.84334 71.6566 8.4158 -13 4552 1 0 1
11.3253 119.969 1229.42 1.98823 7.69613 79.233 6.9611 -13 4553 1 0 1
186.522 8.76564 1229.42 10.9508 0.379082 62.0615 9.43934 -13 4555 1 0 1
146.813 -120.64 1229.42 7.07878 -4.59139 46.8919 8.4847 -13 4557 1 0 1
139.038 8.79552 1229.42 9.50515 0.456787 70.7401 6.71941 -13 4563 1 0 1
182.563 36.6042 1229.42 11.9554 1.86214 70.9411 7.05109 -13 4565 1 0 1
-11.4944 -66.5084 1229.42 1.15603 -3.5426 68.2214 8.25081 -13 4572 1 0 1
53.256 -58.428 1229.42 4.27973 -2.56291 55.645 9.23954 -13 4574 1 0 1
103.57 15.4314 1229.42 6.60412 0.788898 58.9003 7.95774 -13 4577 1 0 1
161.09 -82.915 1229.42 9.26441 -3.98391 58.3906 8.3264 -13 4578 1 0 1
157.764 -53.1994 1229.42 10.2273 -2.78225 68.1825 8.48353 -13 4579 1 0 1
170.884 84.909 1229.42 10.8832 4.68718 67.2966 6.71778 -13 4586 1 0 1
163.386 93.6048 1229.42 11.4063 5.54812 75.2257 8.0765 -13 4590 1 0 1
189.249 59.9408 1229.42 11.9795 3.15054 68.4301 6.44818 -13 4595 1 0 1
66.9226 -52.2129 1229.42 5.36471 -2.76947 65.3039 8.84198 -13 4606 1 0 1
22.6661 -87.7071 1229.42 2.89878 -5.38522 77.0893 7.72399 -13 4612 1 0 1
-5.97034 84.8406 1229.42 0.990091 5.61193 79.6648 6.12589 -13 4613 1 0 1
112.696 12.5522 1229.42 7.52164 0.557617 64.9303 8.44166 -13 4622 1 0 1
149.581 -43.9522 1229.42 9.60544 -2.54716 66.1713 8.07877 -13 4624 1 0 1
66.9324 179.004 1229.42 1.49437 7.60963 47.0535 8.94509 -13 4625 1 0 1
176.849 -56.3833 1229.42 11.6871 -3.20538 71.2545 7.93622 -13 4626 1 0 1
115.839 -73.2588 1229.42 7.66345 -3.73876 64.8158 9.67995 -13 4627 1 0 1
77.5029 -34.2329 1229.42 -9.71509 -2.73902 64.9955 7.21312 -13 4628 1 0 1
-38.8301 -16.8133 1229.42 -0.0448177 -0.822679 60.7734 9.28199 -13 4630 1 0 1
47.8493 -48.7243 1229.42 4.70341 -3.12889 78.5463 7.15472 -13 4631 1 0 1
100.652 -77.8176 1229.42 7.19508 -4.43963 68.9482 8.3797 -13 4642 1 0 1
46.8053 -107.522 1229.42 3.2849 -3.81344 43.0367 12.677 -13 4647 1 0 1
-19.122 54.1824 1229.42 0.892053 2.68483 62.7378 5.88326 -13 4648 1 0 1
149.291 -24.007 1229.42 10.0042 -1.29396 69.986 7.31708 -13 4649 1 0 1
163.171 -42.728 1229.42 11.7291 -2.74209 78.7158 8.27229 -13 4653 1 0 1
169.953 37.3944 1229.42 9.55846 1.74214 57.6033 8.94592 -13 4658 1 0 1
184.015 -64.1805 1229.42 10.2483 -3.0265 57.91 7.85164 -13 4659 1 0 1
185.651 -53.5908 1229.42 11.4998 -2.87639 66.3325 8.59789 -13 4667 1 0 1
130.554 78.671 1229.42 9.55425 4.80888 76.6563 7.73613 -13 4678 1 0 1
126.709 102.682 1229.42 9.16488 6.31314 75.4814 8.77981 -13 4680 1 0 1
102.099 9.59146 1229.42 7.33963 0.578762 69.4177 8.12074 -13 4686 1 0 1
145.792 2.4801 1229.42 7.95592 0.118962 53.509 9.40067 -13 4691 1 0 1
98.8048 25.1009 1229.42 7.51522 1.44001 74.9668 6.69411 -13 4694 1 0 1
-0.348142 -49.7965 1229.42 1.87607 -2.45497 60.7277 7.06675 -13 4696 1 0 1
-3.62694 1.5465 1229.42 -0.0512735 0.312093 68.0136 7.06065 -13 4697 1 0 1
164.805 3.91372 1229.42 10.1047 0.0586577 63.8112 7.66399 -13 4702 1 0 1
159.067 -91.72 1229.42 9.28871 -4.46537 59.6627 8.617 -13 4705 1 0 1
69.5009 54.6855 1229.42 5.35801 2.68953 62.5526 8.90821 -13 4706 1 0 1
135.141 -59.7599 1229.42 8.23985 -2.79883 60.3941 7.41682 -13 4707 1 0 1
111.882 -21.0612 1229.42 8.53664 -1.31907 78.9181 5.62227 -13 4708 1 0 1
171.273 5.61717 1229.42 8.76536 0.292567 51.2391 8.92293 -13 4711 1 0 1
-138.733 -84.1298 1229.42 -7.22095 -3.38771 43.0456 10.8472 -13 4712 1 0 1
128.871 91.1629 1229.42 8.84742 5.2552 69.9949 7.30591 -13 4730 1 0 1
144.215 109.519 1229.42 7.46961 4.50985 50.2607 9.91905 -13 4731 1 0 1
172.278 -96.2464 1229.42 11.9046 -5.74466 75.073 6.72276 -13 4733 1 0 1
-102.037 155.49 1229.42 -3.93048 8.93608 47.2392 11.5768 -13 4735 1 0 1
139.313 -55.7936 1229.42 9.97209 -3.27649 75.7278 8.31509 -13 4743 1 0 1
7.58907 -53.5576 1229.42 2.2054 -3.14857 72.8771 6.36305 -13 4744 1 0 1
39.3817 111.727 1229.42 3.60951 6.18436 69.9356 8.27223 -13 4747 1 0 1
188.59 90.9823 1229.42 11.6988 4.75597 66.5757 8.17127 -13 4754 1 0 1
64.2866 -39.8346 1229.42 5.40603 -2.25174 69.8203 7.05521 -13 4765 1 0 1
1.00788 66.0587 1229.42 -36.379 -7.43518 51.1891 7.6806 -13 4781 1 0 1
72.3313 -90.6092 1229.42 5.81359 -5.38828 73.456 6.57795 -13 4782 1 0 1
126.545 -119.444 1229.42 8.92598 -7.17871 74.3912 6.85988 -13 4784 1 0 1
140.68 -110.522 1229.42 8.24805 -5.25165 58.8284 8.86378 -13 4787 1 0 1
110.832 -10.7147 1229.42 8.4861 -0.613409 78.6911 9.42326 -13 4790 1 0 1
167.081 -78.7619 1229.42 11.2803 -4.87313 72.4134 8.28483 -13 4802 1 0 1
34.0225 68.3064 1229.42 3.69826 3.77926 70.0708 7.85396 -13 4805 1 0 1
113.495 102.636 1229.42 7.72636 5.59339 67.5198 6.96085 -13 4814 1 0 1
75.3236 22.9106 1229.42 5.71842 1.11675 63.412 9.06842 -13 4816 1 0 1
75.1132 3.85788 1229.42 6.04778 0.147232 70.373 7.31108 -13 4829 1 0 1
95.7663 80.0532 1229.42 5.2188 5.77948 47.7063 9.51351 -13 4833 1 0 1
133.939 -53.6381 1229.42 9.70524 -3.13318 76.0592 8.83266 -13 4834 1 0 1
166.24 92.379 1229.42 6.59297 2.70668 36.5768 12.5994 -13 4835 1 0 1
78.4126 -51.7553 1229.42 5.90246 -2.75233 64.3588 6.8887 -13 4839 1 0 1
87.6151 108.72 1229.42 8.40275 5.78425 62.9308 8.07647 -13 4840 1 0 1
101.437 -116.462 1229.42 6.34697 -5.5654 59.7208 9.66528 -13 4842 1 0 1
165.105 96.4232 1229.42 10.5058 5.37516 66.6717 6.76912 -13 4848 1 0 1
114.352 111.236 1229.42 7.19925 5.53602 61.0962 6.45698 -13 4849 1 0 1
52.7708 -88.769 1229.42 4.26856 -4.36068 60.6663 10.9036 -13 4851 1 0 1
11.6673 64.1337 1229.42 2.43314 3.28403 63.1263 6.81464 -13 4854 1 0 1
83.1184 87.9074 1229.42 6.72394 5.45448 78.624 9.10449 -13 4855 1 0 1
185.254 -126.174 1229.42 10.8476 -6.53307 62.7725 7.66282 -13 4858 1 0 1
183.595 107.314 1229.42 11.5904 5.84499 68.0416 9.76538 -13 4860 1 0 1
108.951 -68.4514 1229.42 7.89385 -4.04973 72.2251 8.34355 -13 4861 1 0 1
106.166 96.127 1229.42 6.5618 4.46327 57.3666 10.1629 -13 4863 1 0 1
-39.3313 -55.7983 1229.42 14.7637 30.1596 36.6031 7.2315 -13 4864 1 0 1
187.64 -60.8332 1229.42 11.964 -3.59288 69.0021 8.95862 -13 4865 1 0 1
174.468 17.2314 1229.42 10.9861 0.953382 66.7703 7.59351 -13 4869 1 0 1
86.5532 105.738 1229.42 4.72359 3.77949 44.5116 9.25751 -13 4874 1 0 1
-46.3325 20.2189 1229.42 -1.2476 1.22059 78.0977 7.13915 -13 4875 1 0 1
42.5335 -94.6797 1229.42 4.01534 -5.50312 72.097 10.3053 -13 4876 1 0 1
74.8947 71.6086 1229.42 6.00016 4.08296 69.4948 7.93121 -13 4883 1 0 1
81.3824 -67.1115 1229.42 5.79113 -3.32346 59.5835 8.80511 -13 4884 1 0 1
133.336 42.3102 1229.42 8.4404 2.15606 63.3515 7.17466 -13 4888 1 0 1
81.1541 83.223 1229.42 5.27869 3.65425 54.041 7.99106 -13 4892 1 0 1
-29.8502 -86.2879 1229.42 -0.455503 -6.25961 52.7816 9.86642 -13 4894 1 0 1
52.3984 -89.1632 1229.42 4.36821 -4.59405 64.7972 9.1171 -13 4896 1 0 1
67.8242 -29.9401 1229.42 9.19394 -5.27956 59.0422 8.49051 -13 4898 1 0 1
161.54 -120.868 1229.42 9.29909 -5.90455 60.0427 9.51311 -13 4904 1 0 1
79.9331 44.0647 1229.42 6.35797 2.64851 70.6325 6.0313 -13 4906 1 0 1
61.6658 35.8912 1229.42 5.556 2.20079 77.611 6.83404 -13 4909 1 0 1
65.8545 32.1352 1229.42 5.2653 1.59774 64.5738 9.04197 -13 4912 1 0 1
151.516 8.85713 1229.42 9.58704 0.675797 65.4089 7.64247 -13 4916 1 0 1
115.407 107.382 1229.42 6.66771 4.67737 55.0903 9.97347 -13 4918 1 0 1
154.693 64.8406 1229.42 10.0994 3.46815 68.1174 8.16193 -13 4921 1 0 1
68.8665 -25.6612 1229.42 5.97463 -1.6176 77.3098 5.47742 -13 4924 1 0 1
187.456 -27.885 1229.42 12.6218 -1.6998 73.9429 7.157 -13 4927 1 0 1
58.8758 94.1949 1229.42 5.11414 5.90621 77.1773 7.44929 -13 4930 1 0 1
102.323 -69.2657 1229.42 6.69682 -3.40848 60.9821 8.84352 -13 4944 1 0 1
182.303 -16.1055 1229.42 11.5779 -0.776794 68.2447 7.85878 -13 4949 1 0 1
18.0857 62.4055 1229.42 2.81649 3.64564 70.4084 5.16399 -13 4959 1 0 1
176.841 -35.9898 1229.42 11.1862 -2.05708 67.6143 8.51724 -13 4962 1 0 1
129.882 28.7035 1229.42 8.95248 1.69528 70.2492 8.97157 -13 4966 1 0 1
123.245 -100.265 1229.42 8.21783 -5.35939 67.1125 7.44982 -13 4977 1 0 1
140.722 25.1061 1229.42 8.41743 1.26034 59.6569 9.01545 -13 4990 1 0 1
71.3776 -65.2011 1229.42 5.26706 -3.11453 58.7111 7.76019 -13 4994 1 0 1
127.274 -13.3878 1229.42 8.96949 -0.748832 72.4717 9.82575 -13 4999 1 0 1
