#BLTrackFile NTuple/Z1219
#x y z Px Py Pz t PDGid EventID TrackID ParentID Weight
#mm mm mm MeV/c MeV/c MeV/c ns - - - - -
137.082 -130.212 1219.32 11.3671 -7.61371 62.4597 8.24179 -13 4 1 0 1
-33.4209 -27.56 1219.32 0.23239 -1.44888 60.8369 8.73197 -13 5 1 0 1
-78.3442 29.921 1219.32 -11.7825 7.18766 73.7201 6.37785 -13 6 1 0 1
182.784 -110.1 1219.32 10.5175 -5.35574 60.2994 7.40805 -13 7 1 0 1
-23.2108 121.685 1219.32 0.688612 4.73229 46.6875 10.0904 -13 8 1 0 1
-147.587 -77.7663 1219.32 -6.99961 -2.33226 41.16 9.25606 -13 14 1 0 1
85.1342 102.046 1219.32 5.57882 4.78824 56.3872 7.53392 -13 21 1 0 1
142.65 56.1748 1219.32 9.49109 3.10805 67.8677 7.49179 -13 25 1 0 1
177.778 2.54802 1219.32 11.1 0.313075 65.7143 9.25668 -13 26 1 0 1
76.9921 49.6477 1219.32 5.76493 2.5173 62.1955 7.61567 -13 30 1 0 1
-119.608 137.09 1219.32 -6.72472 8.92358 50.8181 9.50946 -13 42 1 0 1
78.5374 44.6859 1219.32 6.3715 2.52483 72.5825 6.97315 -13 47 1 0 1
73.9614 -98.2611 1219.32 5.77319 -5.67484 70.4151 8.32803 -13 51 1 0 1
153.178 48.081 1219.32 10.2211 2.81262 69.285 6.95146 -13 57 1 0 1
189.628 -4.39458 1219.32 10.7899 -0.184397 59.3521 8.51804 -13 59 1 0 1
128.873 26.2091 1219.32 8.9998 1.47379 70.8602 7.83289 -13 61 1 0 1
145.137 14.0915 1219.32 8.75039 0.576244 59.7409 6.87559 -13 66 1 0 1
96.367 -25.2795 1219.32 7.39431 -1.65 74.2614 6.24102 -13 68 1 0 1
149.193 104.622 1219.32 10.4455 6.2495 74.2862 4.30689 -13 70 1 0 1
120.642 -55.4268 1219.32 7.20267 -2.66083 56.4787 11.0886 -13 72 1 0 1
151.187 -96.6054 1219.32 10.3307 -5.53374 71.7389 7.38964 -13 75 1 0 1
168.83 -3.23993 1219.32 11.7845 -0.243264 74.7862 8.29024 -13 80 1 0 1
72.2666 42.9922 1219.32 7.93649 5.46054 47.7927 9.18998 -13 81 1 0 1
57.5215 -108.913 1219.32 4.67016 -5.99486 67.8937 7.22889 -13 83 1 0 1
184.366 84.515 1219.32 11.3338 4.41535 64.7784 7.71463 -13 85 1 0 1
-13.4275 -69.4689 1219.32 1.17193 -3.65451 64.2623 8.81582 -13 86 1 0 1
185.348 -17.2239 1219.32 10.1705 -0.647887 56.1564 7.7364 -13 92 1 0 1
144.335 -29.1625 1219.32 9.4498 -1.46939 66.7288 8.17091 -13 93 1 0 1
-10.9213 -67.1514 1219.32 1.33364 -3.29331 60.2396 8.61439 -13 101 1 0 1
46.2411 42.9623 1219.32 4.45593 2.56303 72.545 7.04907 -13 105 1 0 1
-15.8182 -52.9452 1219.32 0.814314 -3.14832 72.9084 7.80058 -13 111 1 0 1
169.791 51.7515 1219.32 9.22031 2.33641 54.6843 8.60846 -13 112 1 0 1
119.963 58.1575 1219.32 8.41461 3.36177 70.0607 7.98452 -13 114 1 0 1
16.8832 -88.5377 1219.32 2.56773 -5.47231 76.9779 7.65375 -13 117 1 0 1
43.7311 -46.7405 1219.32 4.46227 -3.17521 78.9192 7.8566 -13 121 1 0 1
185.488 -101.047 1219.32 11.2493 -5.33581 63.7414 8.32157 -13 123 1 0 1
155.904 92.1398 1219.32 10.22 5.09369 68.1992 7.14993 -13 126 1 0 1
60.8679 40.8184 1219.32 5.40345 2.40876 73.727 8.50206 -13 127 1 0 1
-30.7385 -68.7024 1219.32 0.0138088 -4.02278 71.3978 6.49639 -13 136 1 0 1
142.617 -42.2521 1219.32 9.13923 -2.21928 64.6975 6.65107 -13 140 1 0 1
103.849 3.44858 1219.32 15.0006 0.732601 65.1989 6.24492 -13 148 1 0 1
106.009 26.7764 1219.32 7.01424 1.42306 62.0321 7.94611 -13 150 1 0 1
72.8905 48.002 1219.32 6.31423 2.96835 79.2091 8.12344 -13 151 1 0 1
81.3411 65.4813 1219.32 4.57872 2.12283 40.1674 10.8386 -13 155 1 0 1
183.804 -67.4018 1219.32 11.3849 -3.67814 65.5519 7.76888 -13 157 1 0 1
-67.4864 -45.0702 1219.32 -3.53097 -5.25091 66.3233 8.57972 -13 161 1 0 1
32.5692 -67.11 1219.32 3.6015 -3.73639 67.6363 6.86376 -13 163 1 0 1
184.063 67.2262 1219.32 10.0597 2.96735 55.9152 8.27613 -13 165 1 0 1
159.081 -58.781 1219.32 6.63544 -1.80555 38.1323 10.4199 -13 173 1 0 1
120.52 78.3405 1219.32 5.63563 2.55616 39.8982 10.5288 -13 174 1 0 1
-62.4705 -85.4061 1219.32 -2.5842 -5.58283 79.9916 6.92178 -13 180 1 0 1
59.3321 85.5777 1219.32 5.30151 5.73123 80.04 7.57703 -13 182 1 0 1
100.846 -56.2748 1219.32 4.8891 -1.81713 38.2254 10.8351 -13 183 1 0 1
176.584 -65.0385 1219.32 12.6985 -4.38417 79.5941 9.3398 -13 186 1 0 1
132.717 -87.9921 1219.32 7.1288 -3.54539 50.4316 10.0448 -13 190 1 0 1
146.169 21.3091 1219.32 8.96054 0.98726 61.5283 8.31319 -13 193 1 0 1
-13.8557 35.2092 1219.32 -1.58467 7.21037 58.1118 9.18518 -13 203 1 0 1
168.73 -27.9711 1219.32 11.0878 -1.56215 69.4438 8.53811 -13 205 1 0 1
-47.242 44.5083 1219.32 -0.665748 2.34551 65.0816 7.92386 -13 207 1 0 1
58.5985 -64.0891 1219.32 5.41528 -4.03655 77.5784 6.92368 -13 208 1 0 1
171.186 12.4453 1219.32 11.4639 0.630487 71.2813 9.6705 -13 209 1 0 1
5.96914 53.9076 1219.32 2.15184 2.80479 61.9946 9.05759 -13 212 1 0 1
55.1231 -112.698 1219.32 4.31319 -5.71564 62.0675 8.08378 -13 215 1 0 1
162.519 25.9563 1219.32 9.85296 1.28567 62.1363 8.1463 -13 226 1 0 1
-21.6948 32.2919 1219.32 0.52369 1.99812 70.9885 8.61395 -13 227 1 0 1
118.593 -68.7949 1219.32 7.30722 -3.35907 58.3473 10.2777 -13 230 1 0 1
159.836 74.906 1219.32 11.2665 4.55555 75.1161 7.75775 -13 232 1 0 1
92.3974 -108.791 1219.32 6.57809 -5.96136 67.6315 8.282 -13 236 1 0 1
103.115 89.5742 1219.32 7.96815 5.71986 77.0617 6.93055 -13 243 1 0 1
146.545 72.8205 1219.32 7.96 3.09803 52.5847 8.24112 -13 244 1 0 1
178.676 -13.846 1219.32 10.7063 -0.758818 62.542 8.17919 -13 246 1 0 1
76.4879 -99.8267 1219.32 6.04632 -5.97267 72.3258 6.98015 -13 248 1 0 1
118.816 11.6397 1219.32 7.73899 0.44767 63.2183 7.69536 -13 255 1 0 1
80.8886 -72.4848 1219.32 2.70378 -2.54722 55.9733 9.20728 -13 258 1 0 1
24.0606 48.0226 1219.32 2.99173 2.09383 54.6966 11.7343 -13 261 1 0 1
-49.2377 -118.947 1219.32 -1.26935 -6.87896 69.0608 5.06004 -13 266 1 0 1
144.724 -52.1589 1219.32 9.36073 -2.70854 66.0416 6.46024 -13 268 1 0 1
121.703 94.249 1219.32 6.85674 3.88582 52.6369 8.8397 -13 271 1 0 1
-6.11417 -47.4012 1219.32 1.47073 -2.40005 69.5562 6.02186 -13 273 1 0 1
179.127 -10.0319 1219.32 9.1365 -0.506217 51.1538 7.78712 -13 274 1 0 1
62.2578 53.3292 1219.32 5.44118 3.21176 72.7074 6.97987 -13 279 1 0 1
40.3311 103.133 1219.32 3.62477 5.16105 62.645 7.27872 -13 287 1 0 1
163.023 56.0452 1219.32 9.83178 2.92486 61.677 8.14481 -13 289 1 0 1
94.4297 -78.7781 1219.32 6.79303 -4.33052 66.3806 6.67082 -13 292 1 0 1
32.0849 -167.71 1219.32 1.71405 -10.0853 49.7198 8.41579 -13 295 1 0 1
50.031 34.1584 1219.32 7.83892 7.31647 67.2579 7.00386 -13 300 1 0 1
145.924 -35.0252 1219.32 9.72364 -1.87367 68.5482 6.11286 -13 304 1 0 1
-4.76607 62.2884 1219.32 1.25266 4.11098 80.1021 8.64351 -13 308 1 0 1
177.371 -93.7894 1219.32 11.8634 -5.48271 71.589 7.29489 -13 311 1 0 1
21.8132 -70.8762 1219.32 2.93395 -3.64292 59.3982 6.81218 -13 314 1 0 1
-35.6434 70.0849 1219.32 5.61357 -6.17909 37.1988 5.74666 -13 317 1 0 1
36.1977 -102.125 1219.32 3.52488 -5.42548 65.7153 8.06026 -13 320 1 0 1
63.0161 115.664 1219.32 5.15351 6.96689 73.3446 7.77836 -13 328 1 0 1
110.723 13.0805 1219.32 7.78369 0.800366 68.5877 6.63369 -13 331 1 0 1
80.0202 26.3661 1219.32 6.25679 1.46792 68.1428 6.67319 -13 333 1 0 1
55.4799 -9.48404 1219.32 8.97798 -2.11874 70.2466 5.78455 -13 337 1 0 1
102.657 112.808 1219.32 6.93421 5.94782 65.4248 7.50388 -13 338 1 0 1
18.8818 84.8632 1219.32 2.68333 5.14051 74.0929 6.62396 -13 340 1 0 1
171.965 44.949 1219.32 12.1183 2.87907 76.3717 6.83586 -13 346 1 0 1
92.0189 103.831 1219.32 7.08274 6.40499 74.943 6.7373 -13 348 1 0 1
164.777 -79.9188 1219.32 10.1866 -4.09151 64.0166 8.09618 -13 349 1 0 1
187.019 -18.7152 1219.32 10.6999 -0.815604 59.5156 7.18761 -13 354 1 0 1
-53.5438 18.5231 1219.32 -1.40285 1.0648 72.7801 8.04138 -13 355 1 0 1
141.504 -82.585 1219.32 9.197 -4.33445 65.5412 10.1106 -13 356 1 0 1
134.739 -86.7949 1219.32 8.95479 -4.81199 66.8174 9.39848 -13 370 1 0 1
-11.1745 -43.1095 1219.32 1.11199 -2.59598 72.3935 7.33348 -13 372 1 0 1
80.6703 -45.2382 1219.32 5.44513 -2.10903 53.9084 9.1493 -13 377 1 0 1
171.224 -49.343 1219.32 10.7826 -2.67931 65.9407 8.56252 -13 382 1 0 1
107.259 -97.2474 1219.32 7.30356 -5.09597 65.5223 9.01789 -13 390 1 0 1
32.7353 -105.416 1219.32 3.46261 -6.50905 76.0201 4.41555 -13 393 1 0 1
127.113 2.19935 1219.32 8.72131 0.0344794 69.0993 8.91884 -13 401 1 0 1
141.869 61.9969 1219.32 8.98179 3.2385 63.507 7.84557 -13 407 1 0 1
94.7853 73.5366 1219.32 7.25101 4.51555 73.6289 5.71131 -13 408 1 0 1
134.77 -90.5251 1219.32 9.74905 -5.55043 75.2468 8.92952 -13 413 1 0 1
190.221 6.34624 1219.32 11.8232 0.37226 66.4441 5.33786 -13 418 1 0 1
165.833 12.3747 1219.32 9.03586 0.55991 54.3021 10.8338 -13 419 1 0 1
-27.7563 -4.05707 1219.32 -3.84995 -0.937134 71.7369 8.60295 -13 422 1 0 1
65.395 -105.666 1219.32 5.13752 -5.79139 68.9425 5.88916 -13 427 1 0 1
117.439 62.4466 1219.32 8.29137 3.63065 70.1559 5.34911 -13 429 1 0 1
171.493 28.0842 1219.32 12.5602 1.7089 80.2216 6.81932 -13 431 1 0 1
169.379 -55.3076 1219.32 10.8037 -3.02421 66.5679 8.72291 -13 432 1 0 1
127.209 61.3266 1219.32 6.92388 2.47091 50.218 10.7941 -13 434 1 0 1
96.8716 33.4549 1219.32 6.7985 1.84323 65.2234 7.57377 -13 440 1 0 1
186.776 -32.7846 1219.32 11.9015 -1.79437 68.2083 8.97944 -13 443 1 0 1
134.474 -86.7287 1219.32 8.3747 -4.29502 61.6022 6.29746 -13 458 1 0 1
-68.1043 -0.684647 1219.32 -9.52561 -0.120435 66.9556 6.3236 -13 464 1 0 1
159.455 -77.9628 1219.32 9.33706 -3.73694 58.843 9.40551 -13 473 1 0 1
164.058 99.2813 1219.32 11.8753 6.24325 78.4425 6.58467 -13 481 1 0 1
-143.379 -28.3178 1219.32 -5.38424 -2.8603 44.1253 8.69406 -13 482 1 0 1
114.592 81.853 1219.32 7.7454 4.41909 65.824 8.01668 -13 484 1 0 1
-28.5202 -57.6567 1219.32 -0.17584 -3.78168 79.3101 8.08567 -13 486 1 0 1
54.8885 -65.7434 1219.32 4.48116 -3.10466 58.4635 8.00219 -13 492 1 0 1
110.469 -9.39189 1219.32 6.59608 -0.410383 54.8269 5.34711 -13 494 1 0 1
127.168 79.2988 1219.32 7.48293 3.73164 56.1803 6.71973 -13 496 1 0 1
144.942 -61.3893 1219.32 10.0388 -3.67699 71.8888 6.1266 -13 497 1 0 1
152.577 -46.4494 1219.32 9.68028 -2.39624 64.78 8.60452 -13 498 1 0 1
-63.7611 34.4304 1219.32 -2.40987 2.15227 78.7088 6.75578 -13 499 1 0 1
108.714 78.614 1219.32 8.52434 5.08861 80.1204 7.66003 -13 502 1 0 1
18.3576 94.2288 1219.32 2.6134 5.27408 69.9002 8.24711 -13 503 1 0 1
131.343 73.5049 1219.32 7.46694 3.19546 53.9314 11.6131 -13 508 1 0 1
173.943 87.0166 1219.32 10.993 4.66348 66.2055 7.06033 -13 510 1 0 1
177.924 105.227 1219.32 10.081 5.02104 58.3465 9.4012 -13 511 1 0 1
-15.9037 -54.5271 1219.32 0.987375 -2.95807 65.4984 6.70461 -13 532 1 0 1
118.379 -78.6838 1219.32 7.58148 -3.98896 61.5231 5.46453 -13 536 1 0 1
1.93777 109.345 1219.32 1.67785 4.08659 45.8841 8.77255 -13 537 1 0 1
102.251 -72.9314 1219.32 6.15143 -3.09052 53.0972 9.22926 -13 542 1 0 1
132.191 -122.315 1219.32 9.37877 -7.5301 74.8069 6.90069 -13 547 1 0 1
181.326 -47.3684 1219.32 11.6826 -2.64113 68.7136 7.64025 -13 550 1 0 1
130.234 4.51017 1219.32 8.81478 0.0849257 68.1535 6.59666 -13 551 1 0 1
144.342 56.6809 1219.32 9.77778 3.15629 69.8224 6.12646 -13 564 1 0 1
102.801 -20.9032 1219.32 7.5577 -1.25419 71.0763 4.6642 -13 567 1 0 1
154.367 -14.697 1219.32 7.52203 -0.548112 46.2803 8.53411 -13 573 1 0 1
65.9279 5.85739 1219.32 4.92707 -1.57666 57.2032 6.6384 -13 583 1 0 1
156.592 -9.6045 1219.32 8.50467 -0.501612 53.5201 9.91712 -13 584 1 0 1
-23.8247 -67.0731 1219.32 0.353884 -4.16888 73.7866 7.95255 -13 588 1 0 1
178.115 108.736 1219.32 12.5971 6.88564 77.1699 6.73283 -13 589 1 0 1
27.9929 53.0237 1219.32 3.45707 3.34036 77.8999 4.67682 -13 593 1 0 1
186.903 24.1168 1219.32 10.7539 1.29084 59.8746 7.98564 -13 596 1 0 1
-41.3064 54.634 1219.32 -0.682372 3.20117 72.4938 8.58353 -13 619 1 0 1
93.6061 -89.3454 1219.32 7.11672 -5.23988 73.344 8.12262 -13 622 1 0 1
184.229 46.7177 1219.32 11.6224 2.52398 67.2015 8.10177 -13 623 1 0 1
98.9534 -104.287 1219.32 6.83081 -5.58892 65.5846 8.73515 -13 624 1 0 1
166.672 -90.7546 1219.32 10.7486 -4.89775 67.5889 8.20023 -13 625 1 0 1
123.342 -7.03535 1219.32 7.7572 -0.230488 61.0492 8.74116 -13 629 1 0 1
156.653 -86.5546 1219.32 10.0685 -4.62002 66.3639 6.1549 -13 631 1 0 1
39.256 -103.809 1219.32 3.8932 -6.61208 76.4884 8.58313 -13 632 1 0 1
55.5593 -83.8216 1219.32 5.00622 -5.28459 76.7758 7.23185 -13 636 1 0 1
181.331 31.7425 1219.32 10.4265 1.55979 59.5771 6.12454 -13 638 1 0 1
98.2877 47.021 1219.32 6.20534 2.06951 55.7682 7.81672 -13 651 1 0 1
99.1852 -116.067 1219.32 7.34576 -7.08027 72.904 3.94518 -13 652 1 0 1
147.023 -116.289 1219.32 8.73751 -5.72017 60.8296 7.95294 -13 655 1 0 1
119.12 72.3749 1219.32 8.02958 3.79219 66.1482 7.64809 -13 659 1 0 1
98.0183 -28.2317 1219.32 6.62841 -1.55238 62.0583 7.0913 -13 662 1 0 1
147.145 -70.7143 1219.32 10.2346 -4.14671 72.5176 8.61571 -13 668 1 0 1
166.911 88.2712 1219.32 9.02666 3.859 53.8632 7.37244 -13 674 1 0 1
115.903 84.4867 1219.32 8.33544 5.09526 71.8015 10.5895 -13 675 1 0 1
-38.871 -70.0279 1219.32 0.0137328 -3.38184 59.4202 8.84181 -13 676 1 0 1
109.386 -16.27 1219.32 6.43341 -8.82665 15.2057 9.08748 -13 686 1 0 1
186.132 -84.6325 1219.32 10.8371 -4.0751 60.8039 6.98158 -13 691 1 0 1
71.9477 -114.854 1219.32 3.88206 -7.85931 55.4403 10.5677 -13 692 1 0 1
182.651 -94.6149 1219.32 12.6125 -5.74225 75.2564 5.2398 -13 697 1 0 1
78.8654 -67.5117 1219.32 6.30222 -3.80341 70.3008 6.13219 -13 699 1 0 1
136.454 -35.634 1219.32 6.83487 -1.42003 46.1743 9.73827 -13 701 1 0 1
115.54 -13.3966 1219.32 6.26961 -2.30886 51.7137 11.1138 -13 705 1 0 1
178.869 -7.23226 1219.32 9.92017 -0.266919 56.8874 10.1309 -13 706 1 0 1
-9.06592 -39.3544 1219.32 -0.945449 -9.3211 72.6773 7.96423 -13 708 1 0 1
16.8176 52.1739 1219.32 2.53056 1.88357 43.4804 8.47853 -13 710 1 0 1
84.4538 94.4514 1219.32 6.50647 5.56824 71.7578 8.60217 -13 711 1 0 1
93.3744 -113.607 1219.32 6.61669 -6.28439 68.0579 5.72589 -13 714 1 0 1
178.732 -49.5409 1219.32 11.3421 -2.68217 67.1109 7.7975 -13 715 1 0 1
107.215 47.4735 1219.32 5.99042 1.91759 48.8407 7.88583 -13 716 1 0 1
171.454 68.579 1219.32 10.463 3.27496 63.1883 8.66068 -13 718 1 0 1
135.86 19.0961 1219.32 8.6984 0.888495 63.8166 6.85124 -13 721 1 0 1
136.556 -51.4004 1219.32 9.85766 -3.17493 75.1346 5.62115 -13 723 1 0 1
72.7853 121.574 1219.32 3.62484 3.57061 35.591 11.7804 -13 730 1 0 1
128.21 -117.596 1219.32 8.21686 -6.18859 64.4093 7.29071 -13 733 1 0 1
67.2454 -39.754 1219.32 5.08531 -1.82143 58.3769 9.36432 -13 742 1 0 1
173.923 89.5939 1219.32 10.5165 4.50874 62.716 8.90118 -13 766 1 0 1
165.529 66.8643 1219.32 11.5857 4.24205 75.0009 5.37498 -13 770 1 0 1
-50.7582 -26.0869 1219.32 -6.78434 -5.31107 64.7861 7.21715 -13 776 1 0 1
21.2379 -60.8425 1219.32 3.04354 -3.88277 77.0156 6.25497 -13 777 1 0 1
178.186 54.0096 1219.32 11.6792 3.11684 69.6803 7.20355 -13 778 1 0 1
113.753 -111.249 1219.32 5.16219 -3.48694 39.2119 13.6306 -13 779 1 0 1
173.719 32.1359 1219.32 10.3869 1.70835 61.8231 8.78053 -13 781 1 0 1
130.909 -53.1298 1219.32 9.61924 -3.28824 76.4625 8.45373 -13 783 1 0 1
165.201 -37.1245 1219.32 8.70254 -1.47606 52.1504 7.43641 -13 786 1 0 1
-60.7822 42.4431 1219.32 -2.45628 2.64794 81.4134 7.32128 -13 787 1 0 1
84.9466 -104.64 1219.32 5.78755 -5.20603 61.1046 8.4093 -13 789 1 0 1
144.69 -70.9917 1219.32 8.87243 -3.54508 61.4239 8.46874 -13 797 1 0 1
20.0529 114.105 1219.32 2.47056 5.56994 60.3804 10.6342 -13 804 1 0 1
57.826 -34.5337 1219.32 5.21213 -2.01926 73.4536 6.15996 -13 806 1 0 1
84.0097 -41.7043 1219.32 8.62417 -0.354712 39.033 7.94444 -13 812 1 0 1
14.1381 -61.034 1219.32 2.52043 -2.63306 54.015 6.93111 -13 813 1 0 1
103.744 106.961 1219.32 6.57516 5.10777 59.5085 7.81689 -13 815 1 0 1
188.203 86.4553 1219.32 10.9975 4.28261 61.1202 9.21946 -13 817 1 0 1
-34.6078 -93.7999 1219.32 0.018616 -4.64224 58.7797 8.70859 -13 820 1 0 1
85.7805 -106.925 1219.32 6.78696 -6.69947 76.7896 5.12239 -13 825 1 0 1
159.608 110.295 1219.32 9.75134 5.70879 63.1633 7.86152 -13 826 1 0 1
144.251 27.4382 1219.32 8.93632 1.4147 62.0657 7.42642 -13 828 1 0 1
140.141 -80.1962 1219.32 7.94568 -3.47672 54.8725 10.6057 -13 829 1 0 1
73.4159 -17.3057 1219.32 12.7027 -4.43229 77.6198 5.22328 -13 832 1 0 1
188.853 -120.836 1219.32 10.5578 -5.86192 59.1042 9.1025 -13 834 1 0 1
80.9531 -43.5107 1219.32 6.26303 -2.33062 67.4758 6.43946 -13 836 1 0 1
65.6569 -115.418 1219.32 4.85143 -5.92842 62.8266 8.18277 -13 839 1 0 1
166.843 -79.6196 1219.32 12.1199 -5.29283 78.8122 9.16154 -13 849 1 0 1
165.47 -76.8229 1219.32 9.32082 -3.50011 56.7128 7.95222 -13 852 1 0 1
-15.7756 -91.3802 1219.32 0.0351275 -4.67422 70.2522 7.75163 -13 855 1 0 1
-14.8703 43.3441 1219.32 1.18762 2.15767 59.2771 6.62257 -13 856 1 0 1
-18.6071 -91.6073 1219.32 0.866922 -4.09156 55.3557 9.99108 -13 868 1 0 1
99.2871 -58.2844 1219.32 7.48554 -3.3668 73.3534 7.77876 -13 871 1 0 1
89.9568 -93.9248 1219.32 6.70805 -5.37141 70.2277 7.14552 -13 872 1 0 1
97.0306 51.7607 1219.32 6.90232 2.70658 66.1563 7.01035 -13 881 1 0 1
125.967 45.4958 1219.32 8.5625 2.43112 67.9651 6.42638 -13 886 1 0 1
16.4997 83.4346 1219.32 2.56016 5.18151 77.3883 8.21775 -13 888 1 0 1
117.462 -31.5159 1219.32 8.09064 -1.5971 67.4535 8.06182 -13 889 1 0 1
102.103 26.2716 1219.32 7.43116 1.48693 70.0538 8.64827 -13 891 1 0 1
14.125 109.908 1219.32 2.28626 6.70492 74.4337 6.47011 -13 895 1 0 1
75.1329 -60.3899 1219.32 6.21336 -3.46158 73.1437 6.88528 -13 898 1 0 1
162 72.3622 1219.32 9.55357 3.56085 59.8159 8.16443 -13 900 1 0 1
60.2136 122.718 1219.32 4.68952 6.72674 66.5297 7.80629 -13 901 1 0 1
174.587 82.9397 1219.32 9.05947 3.57696 51.7149 8.74933 -13 904 1 0 1
106.873 91.1332 1219.32 7.33658 4.78888 65.534 7.73664 -13 910 1 0 1
152.918 55.7904 1219.32 8.39622 2.34477 54.0008 8.78409 -13 916 1 0 1
-1.99627 -49.6979 1219.32 1.62126 -3.0419 74.1444 5.03346 -13 920 1 0 1
167.561 23.4455 1219.32 10.0771 1.12525 61.715 9.97129 -13 924 1 0 1
41.0292 -45.7731 1219.32 3.70708 -1.90196 54.035 11.187 -13 926 1 0 1
65.4 94.3097 1219.32 5.27432 5.30489 69.1059 6.80013 -13 934 1 0 1
-45.94 -24.4696 1219.32 -6.87641 -6.04801 74.1926 8.70457 -13 935 1 0 1
7.15761 -54.7766 1219.32 2.18105 -3.25052 71.5173 5.82415 -13 937 1 0 1
143.642 64.7052 1219.32 10.0498 4.00069 72.6968 6.86008 -13 941 1 0 1
38.7615 -88.5356 1219.32 3.59691 -4.37971 61.374 7.79254 -13 944 1 0 1
187.035 -114.315 1219.32 11.9117 -6.34569 68.869 8.54143 -13 947 1 0 1
-0.0405535 -5.20558 1219.32 0.468079 -1.14555 68.9824 7.6563 -13 954 1 0 1
30.2711 -68.6637 1219.32 3.56346 -4.05214 72.0657 6.50399 -13 959 1 0 1
71.7201 67.141 1219.32 5.51914 3.39783 62.7583 10.1108 -13 964 1 0 1
-35.1545 -68.9306 1219.32 -0.252895 -3.9828 71.5315 8.32285 -13 965 1 0 1
126.687 38.5074 1219.32 8.78454 2.04438 69.7556 7.17325 -13 970 1 0 1
68.4399 -29.2954 1219.32 5.44146 -1.67012 64.4285 6.35538 -13 971 1 0 1
86.4826 103.645 1219.32 0.5141 21.5348 39.8404 5.26313 -13 972 1 0 1
-36.1858 93.6106 1219.32 -0.893882 5.98431 79.3494 6.94448 -13 982 1 0 1
168.946 -72.7081 1219.32 12.1184 -4.5393 77.6165 6.6661 -13 984 1 0 1
100.065 -6.34684 1219.32 7.70153 -0.424706 75.7506 7.01487 -13 985 1 0 1
1.24614 103.43 1219.32 0.380928 8.41793 57.2022 9.55583 -13 990 1 0 1
127.738 103.156 1219.32 8.74749 5.80006 69.6301 6.51187 -13 994 1 0 1
153.805 113.524 1219.32 8.80542 5.40507 57.7852 7.19881 -13 997 1 0 1
138.396 80.507 1219.32 10.2343 5.28763 77.7809 8.07381 -13 1002 1 0 1
-28.3966 96.1904 1219.32 0.511629 4.01606 51.7288 11.1982 -13 1010 1 0 1
170.251 -5.70598 1219.32 11.6071 -0.233878 72.9546 7.62465 -13 1012 1 0 1
180.958 -19.8229 1219.32 11.7498 -1.0147 69.4749 9.34138 -13 1023 1 0 1
43.0756 -58.9833 1219.32 3.93018 -2.74174 58.8952 7.63875 -13 1026 1 0 1
33.731 97.1818 1219.32 3.32183 4.80286 61.5096 7.076 -13 1035 1 0 1
130.446 -2.3762 1219.32 8.32925 -0.222224 63.0305 8.4218 -13 1039 1 0 1
152.101 29.2836 1219.32 10.3373 1.66931 70.7466 7.00336 -13 1041 1 0 1
108.728 -50.6863 1219.32 8.23712 -3.26925 75.9904 7.78352 -13 1044 1 0 1
-9.16324 -114.126 1219.32 0.926717 -6.54209 69.7635 7.10586 -13 1057 1 0 1
151.276 -34.4531 1219.32 9.81839 -1.9368 66.8765 10.2515 -13 1066 1 0 1
155.02 90.1506 1219.32 9.48874 4.40795 62.2135 9.65892 -13 1068 1 0 1
129.846 -14.8945 1219.32 8.98662 -0.892252 70.0135 6.6321 -13 1077 1 0 1
135.365 21.8629 1219.32 9.98888 1.387 77.0416 7.2549 -13 1079 1 0 1
-8.76519 85.0665 1219.32 1.18216 4.51567 66.1808 11.0287 -13 1080 1 0 1
103.997 -62.5322 1219.32 7.014 -3.3731 63.3603 8.51444 -13 1088 1 0 1
66.2813 -53.2454 1219.32 5.61777 -3.2587 70.6755 5.33767 -13 1090 1 0 1
123.936 -52.5304 1219.32 8.93776 -3.20476 73.3628 6.81226 -13 1091 1 0 1
130.576 115.578 1219.32 7.6488 5.4507 57.4622 10.5531 -13 1101 1 0 1
77.8708 -94.468 1219.32 5.78215 -5.07445 65.8266 7.14916 -13 1105 1 0 1
124.946 -105.074 1219.32 6.84389 -4.38569 50.9058 10.2707 -13 1108 1 0 1
83.3564 -34.5425 1219.32 6.16309 -1.76247 63.8525 8.51669 -13 1109 1 0 1
97.6328 -77.2221 1219.32 6.63213 -3.85641 62.2336 7.6152 -13 1115 1 0 1
-42.9198 107.918 1219.32 -1.06676 6.38674 72.6473 7.03752 -13 1116 1 0 1
163.676 56.9338 1219.32 9.9646 2.86276 62.5386 8.50774 -13 1117 1 0 1
46.9244 -114.629 1219.32 3.88344 -5.83712 62.5107 8.77159 -13 1119 1 0 1
110.704 -37.9925 1219.32 7.42971 -1.99187 64.5036 8.28508 -13 1124 1 0 1
-69.4386 92.7402 1219.32 -2.27534 2.60023 28.422 15.5274 -13 1126 1 0 1
-4.79925 7.98254 1219.32 -0.264297 1.8706 70.2995 5.50215 -13 1128 1 0 1
175.457 -26.284 1219.32 11.9991 -1.64232 73.5593 7.13324 -13 1130 1 0 1
189.01 29.4131 1219.32 12.6937 1.66896 73.1972 8.6795 -13 1131 1 0 1
187.253 13.6604 1219.32 12.8114 0.738079 74.6475 11.2968 -13 1133 1 0 1
79.8506 33.6735 1219.32 6.64146 2.09111 76.0112 6.66158 -13 1142 1 0 1
140.8 107.954 1219.32 9.91396 6.45482 74.0931 4.85396 -13 1143 1 0 1
160.665 10.3397 1219.32 9.13901 0.443688 57.1336 7.87549 -13 1147 1 0 1
119.124 25.0321 1219.32 8.68305 1.65012 73.9043 7.54249 -13 1149 1 0 1
-40.8463 106.671 1219.32 -0.568789 5.84817 65.6351 7.53935 -13 1155 1 0 1
-7.27739 88.5704 1219.32 0.882237 5.62623 78.9853 5.01589 -13 1164 1 0 1
100.849 100.196 1219.32 7.78695 6.35028 76.9089 8.16803 -13 1169 1 0 1
113.392 -38.8421 1219.32 8.16448 -2.21324 71.6797 7.4097 -13 1170 1 0 1
103.03 90.5452 1219.32 5.73121 3.44065 48.5101 8.61481 -13 1177 1 0 1
-5.68084 108.968 1219.32 1.02849 7.20457 79.1499 7.94092 -13 1180 1 0 1
91.4326 -87.9563 1219.32 6.85746 -4.96374 71.3216 5.93599 -13 1181 1 0 1
25.826 83.9977 1219.32 3.13158 5.49768 80.1163 5.66386 -13 1184 1 0 1
127.736 -116.115 1219.32 6.99207 -4.96805 52.4546 9.68671 -13 1187 1 0 1
120.491 -19.9823 1219.32 7.95678 -1.20718 64.6178 9.29187 -13 1189 1 0 1
52.0411 -63.6435 1219.32 4.6324 -3.3995 66.1395 7.13856 -13 1190 1 0 1
0.961652 -92.9654 1219.32 1.64784 -5.15693 68.3804 9.15654 -13 1194 1 0 1
63.3233 -101.669 1219.32 5.28094 -6.13844 73.0467 3.99746 -13 1195 1 0 1
129.892 59.5158 1219.32 5.48045 4.10698 43.7097 10.7944 -13 1197 1 0 1
-143.705 -16.9935 1219.32 -6.9298 -2.59718 49.828 8.50056 -13 1201 1 0 1
40.5651 -60.1819 1219.32 3.95419 -3.15111 63.3268 9.09604 -13 1207 1 0 1
162.863 11.0073 1219.32 10.8981 0.658671 70.4475 6.67057 -13 1208 1 0 1
-21.1467 -23.4417 1219.32 -2.81032 -5.48988 71.7125 8.80226 -13 1220 1 0 1
159.764 -57.1165 1219.32 9.63096 -2.85153 61.1441 10.4929 -13 1222 1 0 1
147.851 -93.7555 1219.32 11.5832 -6.17488 61.6285 7.26442 -13 1223 1 0 1
-31.006 -114.295 1219.32 -0.0884646 -6.02407 64.2737 6.44417 -13 1225 1 0 1
177.592 52.421 1219.32 10.1311 2.63488 58.5894 9.19714 -13 1231 1 0 1
169.825 97.9763 1219.32 10.2718 4.87691 62.8762 8.54496 -13 1233 1 0 1
169.021 95.1913 1219.32 11.0858 5.55765 69.0773 8.23784 -13 1234 1 0 1
-70.2221 25.5886 1219.32 -2.48679 1.26893 72.6033 7.82707 -13 1244 1 0 1
161.786 101.602 1219.32 9.11015 4.67027 56.9864 8.82687 -13 1252 1 0 1
159.031 -100.074 1219.32 8.68284 -4.49144 54.1646 9.70776 -13 1256 1 0 1
125.718 -93.909 1219.32 7.80658 -4.53468 60.3171 8.46219 -13 1257 1 0 1
156.473 -68.523 1219.32 10.7554 -4.1355 72.3805 6.93205 -13 1259 1 0 1
110.924 -51.8058 1219.32 8.128 -3.12031 73.1628 5.4389 -13 1262 1 0 1
147.153 -69.1455 1219.32 7.28078 -2.61311 46.7031 11.2153 -13 1266 1 0 1
99.0852 55.6385 1219.32 7.47793 3.37474 72.7199 6.5515 -13 1269 1 0 1
156.797 78.1487 1219.32 10.9964 4.64993 73.9776 6.50128 -13 1275 1 0 1
21.2594 68.3718 1219.32 2.99574 3.78771 69.9289 4.72635 -13 1278 1 0 1
149.047 -72.8511 1219.32 7.99657 -3.07692 51.7462 8.41046 -13 1281 1 0 1
110.87 42.665 1219.32 7.43458 2.26104 64.5108 6.35495 -13 1286 1 0 1
133.438 -67.8906 1219.32 7.13352 -2.65872 50.1768 9.11296 -13 1288 1 0 1
105.901 -7.93786 1219.32 8.22327 -0.52464 78.4024 7.57183 -13 1295 1 0 1
132.823 -112.785 1219.32 8.10533 -5.65111 60.2931 8.75204 -13 1298 1 0 1
17.4705 -57.3742 1219.32 3.33791 -14.6032 76.3123 8.08132 -13 1299 1 0 1
-11.7528 -102.594 1219.32 0.706659 -6.58723 77.6581 5.80227 -13 1300 1 0 1
82.9891 112.205 1219.32 5.90382 5.92143 64.9207 8.69672 -13 1305 1 0 1
187.612 73.3518 1219.32 11.7964 3.99251 67.0175 7.98005 -13 1306 1 0 1
104.645 55.0365 1219.32 7.22375 3.01389 65.3227 9.04375 -13 1314 1 0 1
177.526 -1.38695 1219.32 10.4097 -0.178325 60.457 7.04783 -13 1315 1 0 1
75.4309 65.3193 1219.32 5.37937 3.02645 56.8248 8.84398 -13 1317 1 0 1
175.507 -89.3868 1219.32 11.0837 -4.86848 66.5804 7.75428 -13 1323 1 0 1
104.18 -94.4123 1219.32 6.9755 -4.91831 62.831 9.49735 -13 1327 1 0 1
94.5522 -17.2835 1219.32 7.21532 -1.1538 72.7113 8.73738 -13 1337 1 0 1
174.338 30.7827 1219.32 10.9226 1.72811 65.6709 7.64069 -13 1342 1 0 1
118.983 84.8922 1219.32 8.85028 5.13559 75.8759 9.64816 -13 1344 1 0 1
130.204 -31.7801 1219.32 6.58295 -1.10011 46.2915 9.72653 -13 1345 1 0 1
4.89115 -102.82 1219.32 1.83843 -4.86193 58.414 8.62139 -13 1348 1 0 1
158.713 -45.2079 1219.32 9.05281 -2.10876 57.1307 10.1936 -13 1354 1 0 1
110.219 54.5076 1219.32 7.89331 3.13075 70.2867 7.74647 -13 1355 1 0 1
120.581 30.6873 1219.32 7.15164 1.35857 55.8234 7.61409 -13 1358 1 0 1
76.6561 -116.377 1219.32 6.12179 -7.27125 76.4209 8.00656 -13 1366 1 0 1
107.556 10.4526 1219.32 6.28306 0.531074 52.3765 8.89985 -13 1368 1 0 1
-66.6294 -30.1633 1219.32 -2.43171 -1.90775 76.2412 9.0341 -13 1374 1 0 1
133.6 67.0689 1219.32 8.31676 3.33791 61.3685 8.3007 -13 1383 1 0 1
67.021 86.3933 1219.32 5.5804 5.21987 74.0001 7.74337 -13 1385 1 0 1
114.635 -4.29871 1219.32 8.3479 -0.194802 72.9962 5.9648 -13 1394 1 0 1
161.328 -52.5178 1219.32 11.0004 -2.98137 71.9278 5.45166 -13 1396 1 0 1
-14.6337 -106.301 1219.32 0.518968 -6.67755 76.53 7.15579 -13 1400 1 0 1
-48.0752 -6.01634 1219.32 -0.831157 -0.364538 67.6958 5.92812 -13 1404 1 0 1
184.914 101.545 1219.32 11.2741 5.38512 64.1983 7.69853 -13 1418 1 0 1
185.617 90.4449 1219.32 12.5749 5.22302 73.5753 7.08885 -13 1419 1 0 1
-58.2274 -109.184 1219.32 -1.79764 -6.2484 69.7798 7.64879 -13 1424 1 0 1
72.7421 69.0142 1219.32 6.07094 4.23847 73.1681 6.50487 -13 1425 1 0 1
-81.8977 -95.0426 1219.32 -4.92035 -4.37854 42.1302 11.5526 -13 1426 1 0 1
116.924 -81.1384 1219.32 7.77873 -4.32898 64.3267 8.11568 -13 1429 1 0 1
190.118 -91.4784 1219.32 12.7258 -5.58207 73.0351 7.41562 -13 1430 1 0 1
113.585 -13.8152 1219.32 7.69207 -0.676022 65.6385 8.70691 -13 1435 1 0 1
100.578 -4.59006 1219.32 7.96209 -0.281488 79.2521 8.03408 -13 1437 1 0 1
166.883 -111.427 1219.32 9.23442 -5.11631 56.3558 8.98633 -13 1439 1 0 1
130.365 42.868 1219.32 9.06145 2.39598 70.5949 9.75191 -13 1447 1 0 1
189.302 -72.847 1219.32 10.99 -3.64953 60.565 8.79054 -13 1450 1 0 1
55.9178 -87.8635 1219.32 4.98248 -5.40589 77.5396 7.28946 -13 1455 1 0 1
75.9706 70.8001 1219.32 6.28036 4.33626 72.6906 7.92173 -13 1467 1 0 1
-14.9468 62.2342 1219.32 1.19906 2.97819 59.9567 7.76717 -13 1468 1 0 1
54.3278 -70.1178 1219.32 4.80087 -3.78454 66.9077 7.90701 -13 1472 1 0 1
111.16 -103.217 1219.32 8.26239 -6.435 74.9133 7.22416 -13 1475 1 0 1
117.924 79.1663 1219.32 8.29572 4.32977 69.8058 7.78863 -13 1476 1 0 1
71.6086 -108.567 1219.32 5.12054 -5.36644 61.3527 6.74492 -13 1477 1 0 1
-49.1758 -1.64608 1219.32 -1.03326 -0.176646 70.7039 8.32056 -13 1479 1 0 1
150.527 -57.6289 1219.32 10.0441 -3.28189 69.2319 7.0123 -13 1480 1 0 1
-2.2415 43.8148 1219.32 1.72166 2.35526 66.5401 6.03248 -13 1483 1 0 1
13.1136 100.125 1219.32 2.27539 5.6876 69.908 8.09245 -13 1486 1 0 1
137.425 -58.6124 1219.32 8.90657 -3.0564 65.128 7.49786 -13 1487 1 0 1
114.709 57.5267 1219.32 8.57147 3.64291 75.9053 8.23001 -13 1492 1 0 1
58.2178 32.7692 1219.32 5.36465 2.19203 77.4828 8.04986 -13 1499 1 0 1
143.328 26.9817 1219.32 6.58763 0.923292 41.8963 11.1672 -13 1504 1 0 1
98.9234 -76.1841 1219.32 7.22758 -4.3522 69.6589 9.29299 -13 1511 1 0 1
147.349 70.8471 1219.32 10.2673 4.04263 72.9323 7.36667 -13 1513 1 0 1
173.899 3.39411 1219.32 10.5626 0.251819 63.3499 7.60587 -13 1514 1 0 1
136.618 68.3038 1219.32 8.72362 3.59209 63.8233 7.632 -13 1515 1 0 1
170.897 -88.2337 1219.32 11.1431 -4.99888 68.743 7.42879 -13 1518 1 0 1
108.427 -41.7429 1219.32 7.13798 -2.08519 62.1082 8.1889 -13 1523 1 0 1
-62.8421 20.8903 1219.32 -1.71244 1.17681 67.0279 8.35586 -13 1525 1 0 1
-26.6561 -58.1617 1219.32 -0.947162 -2.05298 68.9199 9.22503 -13 1526 1 0 1
186.252 43.8373 1219.32 9.98908 1.89665 54.8241 10.7565 -13 1532 1 0 1
152.311 45.9991 1219.32 11.1 2.866 77.8426 9.89996 -13 1534 1 0 1
47.4986 60.4747 1219.32 4.62729 3.69449 75.4135 7.73776 -13 1537 1 0 1
8.69529 -49.1906 1219.32 2.26511 -2.83019 72.6677 6.37749 -13 1539 1 0 1
-69.8638 99.8329 1219.32 -2.97663 6.31258 77.9072 6.96595 -13 1543 1 0 1
114.195 -49.6218 1219.32 7.74126 -2.72876 65.7955 9.11769 -13 1545 1 0 1
175.804 11.7446 1219.32 10.6882 0.676752 63.3978 9.35324 -13 1548 1 0 1
129.813 98.3238 1219.32 7.2456 4.20672 52.3754 9.30483 -13 1557 1 0 1
-6.58363 -114.472 1219.32 0.987278 -7.21364 76.1296 4.96659 -13 1564 1 0 1
99.8906 24.8194 1219.32 9.25541 2.41064 60.7086 8.32753 -13 1566 1 0 1
111.325 74.1463 1219.32 8.19278 4.42441 73.5896 8.62354 -13 1576 1 0 1
-71.1086 100.655 1219.32 -2.8951 6.05747 74.9888 4.79777 -13 1579 1 0 1
52.2065 105.932 1219.32 4.33672 5.60578 65.5415 9.39734 -13 1584 1 0 1
-6.97811 -2.14727 1219.32 -0.500587 -0.394829 61.2466 7.38236 -13 1585 1 0 1
76.411 -8.33335 1219.32 5.95976 -0.572746 66.7218 8.93805 -13 1590 1 0 1
161.816 -50.1661 1219.32 11.5794 -3.23755 76.7793 6.05925 -13 1600 1 0 1
-36.6821 98.5775 1219.32 -1.03076 6.38354 79.9422 6.79077 -13 1606 1 0 1
125.852 -75.617 1219.32 7.07435 -3.19251 52.6606 10.6582 -13 1615 1 0 1
120.81 -113.834 1219.32 8.33079 -6.54853 70.1656 6.83297 -13 1625 1 0 1
180.635 -33.4929 1219.32 10.2176 -1.5599 58.12 8.24823 -13 1626 1 0 1
173.095 8.95249 1219.32 11.5334 0.480392 70.8322 7.32591 -13 1629 1 0 1
113.657 48.7295 1219.32 6.78759 2.10776 55.1873 9.07888 -13 1632 1 0 1
99.7328 40.3791 1219.32 7.39803 2.17394 71.2293 7.38207 -13 1634 1 0 1
116.61 -29.1523 1219.32 8.42747 -1.78024 72.6986 5.38149 -13 1635 1 0 1
183.954 27.2234 1219.32 11.9595 1.59137 69.76 8.14817 -13 1636 1 0 1
113.066 115.704 1219.32 7.03882 5.6865 60.015 6.99707 -13 1643 1 0 1
151.988 89.8059 1219.32 6.99289 5.45526 43.8215 10.9944 -13 1647 1 0 1
81.5495 112.814 1219.32 6.3113 6.77216 73.6343 6.68895 -13 1648 1 0 1
110.292 -86.2611 1219.32 7.90436 -4.97337 70.6473 6.77972 -13 1653 1 0 1
64.2063 63.3074 1219.32 5.43095 3.61531 69.1514 6.88635 -13 1654 1 0 1
148.755 -78.768 1219.32 10.4943 -4.65587 73.889 4.7438 -13 1667 1 0 1
63.0378 85.9663 1219.32 5.09816 4.70694 68.0538 6.87222 -13 1669 1 0 1
50.3065 -112.35 1219.32 3.74188 -4.8972 54.2207 10.0419 -13 1675 1 0 1
124.353 88.4058 1219.32 8.54381 4.91689 68.7915 9.78188 -13 1678 1 0 1
134.105 -31.6909 1219.32 9.52973 -1.95465 73.2486 7.795 -13 1681 1 0 1
160.103 -71.2308 1219.32 9.91412 -3.5348 63.434 10.171 -13 1686 1 0 1
187.836 -62.5254 1219.32 11.9665 -3.54984 68.2595 7.74771 -13 1688 1 0 1
157.799 -48.4655 1219.32 9.15241 -2.27657 58.1908 7.02172 -13 1689 1 0 1
53.7154 53.1319 1219.32 4.24198 2.36216 53.0816 8.64549 -13 1695 1 0 1
97.9598 -43.5545 1219.32 7.6933 -1.85381 52.7083 10.0245 -13 1700 1 0 1
-32.2477 -25.4345 1219.32 -0.199045 -1.59853 74.1174 7.55652 -13 1702 1 0 1
9.39532 -100.804 1219.32 2.05621 -6.2731 75.6061 7.77075 -13 1704 1 0 1
183.866 66.8288 1219.32 10.4666 3.17661 59.0569 9.99157 -13 1716 1 0 1
109.523 48.1323 1219.32 6.99261 2.3838 59.6669 8.94265 -13 1721 1 0 1
25.3886 -95.5738 1219.32 3.03837 -5.68245 73.1175 7.12932 -13 1723 1 0 1
105.816 27.6523 1219.32 7.20461 1.43212 64.3961 7.69804 -13 1725 1 0 1
44.5973 109.665 1219.32 4.25669 7.18763 78.5137 7.38469 -13 1726 1 0 1
119.082 62.4063 1219.32 8.78288 3.77274 75.0916 7.15262 -13 1727 1 0 1
52.065 -17.37 1219.32 0.814802 -1.40189 38.2347 11.8473 -13 1728 1 0 1
183.644 99.6466 1219.32 11.7081 5.54561 67.811 8.4755 -13 1731 1 0 1
77.8255 56.5971 1219.32 6.12424 3.14134 67.936 8.86694 -13 1735 1 0 1
104.146 76.5172 1219.32 7.24147 3.97345 65.7257 6.8037 -13 1744 1 0 1
150.599 42.1806 1219.32 8.94902 2.01213 59.3735 10.2463 -13 1747 1 0 1
28.5822 51.9707 1219.32 3.45383 3.05241 73.4598 7.08938 -13 1752 1 0 1
58.1329 -40.2063 1219.32 5.33817 -2.61773 79.6582 6.50912 -13 1753 1 0 1
114.855 -79.9639 1219.32 7.99706 -4.46751 68.7558 7.22591 -13 1758 1 0 1
63.1892 25.1436 1219.32 5.19905 1.29433 65.0186 8.97651 -13 1760 1 0 1
119.174 90.4145 1219.32 7.97973 4.82039 65.4661 10.5051 -13 1762 1 0 1
167.894 -51.6086 1219.32 11.5462 -3.15294 73.5214 7.25028 -13 1771 1 0 1
117.196 -73.996 1219.32 7.3838 -3.72143 60.0007 9.43321 -13 1772 1 0 1
189.818 35.8726 1219.32 10.7699 1.70014 59.0827 10.4434 -13 1784 1 0 1
56.1729 84.4 1219.32 5.06203 5.39647 77.4274 7.74572 -13 1793 1 0 1
176.811 104.081 1219.32 10.8478 5.49364 64.2941 8.87157 -13 1798 1 0 1
-42.8821 -8.99538 1219.32 -0.289754 -0.361851 62.2941 9.051 -13 1799 1 0 1
69.9707 -95.9491 1219.32 5.30973 -4.99089 65.5127 8.0256 -13 1804 1 0 1
50.7309 -72.0932 1219.32 4.68841 -4.20904 70.6988 8.89665 -13 1805 1 0 1
116.743 -42.3687 1219.32 7.78462 -2.21039 64.9316 9.3673 -13 1808 1 0 1
114.569 9.34082 1219.32 7.24351 0.482232 59.9037 8.03858 -13 1810 1 0 1
-67.412 -52.4174 1219.32 -2.20345 -2.99272 70.9856 7.19552 -13 1812 1 0 1
32.9054 -118.907 1219.32 3.22458 -6.14813 62.0881 7.12312 -13 1816 1 0 1
100.103 -61.5733 1219.32 4.62057 -1.05341 29.8988 13.8426 -13 1821 1 0 1
181.77 -111.445 1219.32 11.2493 -5.93336 66.2285 7.7507 -13 1823 1 0 1
58.9289 -47.7114 1219.32 4.83592 -2.35017 61.8448 9.21798 -13 1824 1 0 1
52.3399 -92.3862 1219.32 4.39213 -4.87577 65.0955 7.27762 -13 1826 1 0 1
189.158 4.24666 1219.32 11.5934 0.210545 65.0185 6.40975 -13 1829 1 0 1
91.3523 93.1154 1219.32 6.38645 4.85246 63.7746 8.14413 -13 1831 1 0 1
-75.3195 39.7842 1219.32 -3.08805 2.40901 76.7051 6.63267 -13 1832 1 0 1
86.7474 -87.049 1219.32 6.49434 -4.93554 68.6343 6.77719 -13 1835 1 0 1
42.0847 53.9738 1219.32 4.14129 3.13886 69.5157 7.69811 -13 1839 1 0 1
98.8437 -48.6224 1219.32 7.03004 -2.79741 66.9751 6.70447 -13 1845 1 0 1
120.834 20.5406 1219.32 9.17567 1.41751 79.6053 8.07579 -13 1848 1 0 1
-43.9552 81.5148 1219.32 -1.06668 4.93708 73.7717 8.50817 -13 1849 1 0 1
-71.6863 12.4899 1219.32 -2.97288 0.935504 78.9698 6.95565 -13 1856 1 0 1
144.023 -21.9526 1219.32 10.8373 -0.157454 56.9248 7.37202 -13 1866 1 0 1
-153.649 -1.68744 1219.32 -7.3852 -1.56975 48.2125 10.9119 -13 1867 1 0 1
97.8188 79.2025 1219.32 6.68511 4.03592 62.836 7.68846 -13 1871 1 0 1
60.9376 60.2293 1219.32 4.84737 2.90486 59.5973 8.23107 -13 1874 1 0 1
189.093 -53.5721 1219.32 11.8135 -2.96394 66.5709 5.04851 -13 1882 1 0 1
141.525 -80.3007 1219.32 9.1603 -4.30796 65.4409 8.01058 -13 1894 1 0 1
126.505 -95.0568 1219.32 8.66465 -5.21753 68.9641 6.99544 -13 1899 1 0 1
73.6009 71.6743 1219.32 17.4533 -12.4307 28.094 8.25947 -13 1906 1 0 1
-48.6311 -54.6722 1219.32 -0.574091 -2.71693 60.0315 9.21174 -13 1914 1 0 1
114.516 73.4237 1219.32 6.72389 3.22636 53.6279 9.9082 -13 1918 1 0 1
85.6471 -86.9823 1219.32 5.98399 -4.47901 62.0929 6.68593 -13 1922 1 0 1
62.5232 24.8266 1219.32 5.02868 1.33078 62.0747 6.53608 -13 1929 1 0 1
176.78 -19.3942 1219.32 10.9572 -1.05422 64.9192 8.01398 -13 1930 1 0 1
139.042 -7.35852 1219.32 8.65962 -0.396224 62.2498 8.02983 -13 1940 1 0 1
152.196 109.864 1219.32 10.7949 6.79423 76.0333 4.9269 -13 1941 1 0 1
182.415 -3.97697 1219.32 10.8181 -0.326152 61.6264 6.88045 -13 1944 1 0 1
16.6242 92.1146 1219.32 2.50517 4.9665 68.6822 6.50743 -13 1945 1 0 1
61.4232 66.7462 1219.32 5.26774 3.83225 69.6388 8.43789 -13 1950 1 0 1
-8.72614 115.81 1219.32 0.797658 7.37009 78.0953 6.01971 -13 1952 1 0 1
150.084 -17.0188 1219.32 9.59187 -0.842542 65.4363 5.46255 -13 1954 1 0 1
61.8802 61.2956 1219.32 11.8533 -12.3901 54.0312 8.45646 -13 1961 1 0 1
74.8135 -95.1267 1219.32 4.85215 -3.96195 52.3053 7.15397 -13 1965 1 0 1
122.077 -123.215 1219.32 8.46728 -7.25359 71.2192 8.35837 -13 1966 1 0 1
126.959 28.5552 1219.32 8.55996 1.47892 67.332 8.50165 -13 1967 1 0 1
19.3161 -59.1028 1219.32 3.515 -14.0592 72.866 7.9188 -13 1969 1 0 1
-39.9826 36.4638 1219.32 -0.290485 1.96082 65.2657 6.7101 -13 1976 1 0 1
48.9774 28.4712 1219.32 0.633012 2.19517 33.5081 10.7407 -13 1978 1 0 1
21.0538 -50.8124 1219.32 2.88005 -2.42664 58.489 8.30715 -13 1988 1 0 1
155.133 56.2635 1219.32 8.15711 2.38838 51.1778 8.13043 -13 1990 1 0 1
135.477 -118.722 1219.32 7.97164 -5.73521 58.7909 6.58137 -13 1994 1 0 1
134.883 -85.6206 1219.32 8.73116 -4.47059 64.6429 8.21201 -13 1995 1 0 1
183.534 -90.643 1219.32 10.9286 -4.75376 62.33 7.66051 -13 1998 1 0 1
151.89 36.0554 1219.32 10.0657 2.07107 68.6177 7.39567 -13 1999 1 0 1
142.345 89.2988 1219.32 9.83876 5.14212 71.3308 9.07906 -13 2000 1 0 1
183.549 17.8229 1219.32 11.5977 0.983582 67.1879 7.79286 -13 2004 1 0 1
107.892 -20.8605 1219.32 7.66987 -1.15179 68.9995 5.67025 -13 2008 1 0 1
134.359 -75.2341 1219.32 8.33457 -3.85719 61.2424 9.20311 -13 2011 1 0 1
163.849 54.4486 1219.32 11.378 3.28717 73.9695 7.93168 -13 2012 1 0 1
185.467 -13.0091 1219.32 10.4481 -0.521954 58.566 8.03243 -13 2014 1 0 1
-53.7191 -16.1562 1219.32 -0.995387 -0.791915 63.9211 7.44814 -13 2016 1 0 1
120.311 -81.351 1219.32 8.0738 -4.39685 65.9625 6.95439 -13 2020 1 0 1
73.2559 118.469 1219.32 5.53826 6.71503 69.171 7.40045 -13 2023 1 0 1
148.754 25.7419 1219.32 8.46282 1.16447 56.0563 7.88715 -13 2024 1 0 1
138.469 41.7094 1219.32 9.54823 2.47388 70.8005 6.34453 -13 2028 1 0 1
151.332 93.59 1219.32 9.83422 4.94682 67.2725 7.60745 -13 2034 1 0 1
6.242 -104.542 1219.32 1.94102 -5.3088 61.6731 9.73731 -13 2037 1 0 1
121.17 -5.87205 1219.32 9.04456 -0.362101 76.4463 7.54809 -13 2038 1 0 1
44.1365 -113.505 1219.32 3.50761 -5.07934 55.1963 8.04439 -13 2040 1 0 1
154.22 55.522 1219.32 9.64989 2.72519 63.7902 7.66818 -13 2045 1 0 1
33.5902 -102.71 1219.32 3.25862 -5.04528 60.7266 10.1776 -13 2046 1 0 1
6.82859 48.4995 1219.32 2.2173 2.55188 64.4432 8.36529 -13 2051 1 0 1
18.4436 47.0916 1219.32 -0.626854 0.779411 44.1976 10.3538 -13 2063 1 0 1
115.648 47.1793 1219.32 7.97929 2.53066 67.9067 9.8406 -13 2071 1 0 1
139.081 -93.4659 1219.32 10.3791 -5.99631 78.7295 8.40381 -13 2072 1 0 1
2.77519 -101.425 1219.32 1.75374 -4.38442 53.9252 10.5262 -13 2074 1 0 1
-43.9528 -82.5043 1219.32 -1.42217 -5.56366 81.0726 8.72057 -13 2077 1 0 1
97.7493 65.6455 1219.32 5.99627 2.848 53.3944 7.6273 -13 2080 1 0 1
74.5384 -72.3819 1219.32 6.31721 -4.47013 75.7293 7.57384 -13 2090 1 0 1
-37.1639 30.9766 1219.32 -0.310225 1.76934 69.414 8.45913 -13 2092 1 0 1
78.7765 7.53476 1219.32 6.53926 0.385448 75.3478 6.37394 -13 2097 1 0 1
118.736 -39.107 1219.32 9.01452 -2.66397 78.6979 7.2556 -13 2098 1 0 1
109.114 90.547 1219.32 7.81075 5.18088 70.0066 8.29259 -13 2099 1 0 1
154.539 -6.8394 1219.32 8.40265 -0.218442 53.5518 7.74459 -13 2104 1 0 1
61.8424 -22.2374 1219.32 4.9018 -1.10691 60.6707 9.20631 -13 2107 1 0 1
117.631 -103.549 1219.32 8.13237 -5.79248 69.2112 9.07458 -13 2108 1 0 1
117.656 -20.3638 1219.32 8.81667 -1.34795 76.4991 7.58926 -13 2111 1 0 1
174.608 14.4162 1219.32 10.6638 0.839943 63.6192 9.18261 -13 2112 1 0 1
104.995 101.909 1219.32 7.01006 5.20384 63.5809 8.04391 -13 2113 1 0 1
16.0945 -84.7918 1219.32 2.53479 -4.6288 67.3869 7.20109 -13 2120 1 0 1
24.9148 101.122 1219.32 2.79762 4.78195 57.9382 10.0671 -13 2122 1 0 1
38.8755 34.51 1219.32 6.30756 7.61464 68.6646 5.03485 -13 2124 1 0 1
89.9197 -97.2083 1219.32 6.83867 -5.70484 73.0561 6.73085 -13 2125 1 0 1
65.3638 -101.954 1219.32 4.85602 -5.03555 61.6041 8.62588 -13 2134 1 0 1
168.769 37.2452 1219.32 11.6346 2.12745 73.6493 6.82916 -13 2138 1 0 1
149.035 86.276 1219.32 9.36438 4.41183 63.7761 7.69613 -13 2139 1 0 1
109.117 -14.049 1219.32 7.65186 -0.585986 68.4861 8.14203 -13 2140 1 0 1
179.317 -42.5685 1219.32 10.7049 -2.1701 62.3246 7.13772 -13 2146 1 0 1
41.9291 48.3173 1219.32 4.41614 3.16959 81.5414 9.90937 -13 2149 1 0 1
111.676 50.4738 1219.32 7.79363 2.86776 68.1735 6.1362 -13 2153 1 0 1
115.06 22.5215 1219.32 8.15303 1.28636 70.0246 8.59436 -13 2154 1 0 1
118.023 -17.0857 1219.32 9.16455 -1.1587 80.8575 5.45981 -13 2159 1 0 1
139.932 107.32 1219.32 10.1075 6.58353 76.9135 7.87054 -13 2162 1 0 1
-3.8425 101.865 1219.32 -0.470674 10.5672 37.4996 11.8529 -13 2167 1 0 1
0.125654 -91.9712 1219.32 1.55399 -5.13024 70.3037 8.25777 -13 2174 1 0 1
94.4782 -101.236 1219.32 7.32225 -6.23811 77.0675 6.53518 -13 2181 1 0 1
182.554 100.101 1219.32 11.6999 5.45861 68.2 6.60613 -13 2182 1 0 1
-40.7513 -71.5009 1219.32 -0.804673 -4.52733 76.1006 5.83978 -13 2185 1 0 1
-3.8627 -45.015 1219.32 1.70424 -2.00308 57.7217 7.11299 -13 2188 1 0 1
108.379 27.7399 1219.32 7.77352 1.53179 70.2242 8.39198 -13 2189 1 0 1
125.941 -68.5404 1219.32 7.81189 -3.34272 60.1894 7.90151 -13 2191 1 0 1
-59.8743 44.9326 1219.32 -1.57132 2.48489 68.0428 8.36601 -13 2193 1 0 1
83.8375 90.4775 1219.32 4.32855 2.84854 38.358 12.433 -13 2196 1 0 1
152.937 -45.1792 1219.32 8.16036 -1.90764 52.0342 8.86298 -13 2197 1 0 1
82.652 31.7004 1219.32 5.64149 1.46587 55.6059 6.92069 -13 2198 1 0 1
111.844 24.6942 1219.32 7.62209 1.34607 66.0654 8.17264 -13 2199 1 0 1
35.878 -98.9016 1219.32 3.4157 -4.97217 60.5582 10.1575 -13 2200 1 0 1
32.4741 -55.0172 1219.32 3.68538 -3.11975 72.5053 9.33406 -13 2206 1 0 1
130.514 -61.7107 1219.32 6.57594 -2.36664 46.0463 7.31348 -13 2208 1 0 1
132.567 -108.045 1219.32 7.69474 -4.93335 57.4158 8.07608 -13 2212 1 0 1
159.176 44.4868 1219.32 10.0365 2.29209 64.9687 7.59882 -13 2215 1 0 1
53.3063 70.6607 1219.32 4.14974 2.98605 51.4129 8.71568 -13 2216 1 0 1
81.4856 100.806 1219.32 6.2609 6.02078 71.0421 7.80899 -13 2218 1 0 1
-10.0439 -89.3666 1219.32 1.02955 -4.85497 69.2652 8.5185 -13 2219 1 0 1
117.007 25.8145 1219.32 8.26842 1.50161 70.6289 8.34212 -13 2233 1 0 1
127.543 5.2925 1219.32 8.5597 0.29249 67.2147 7.42342 -13 2234 1 0 1
140.608 -23.0664 1219.32 7.56667 -1.01161 51.4085 8.96197 -13 2238 1 0 1
37.9087 -47.7985 1219.32 3.51396 -2.07352 51.8389 9.54221 -13 2243 1 0 1
93.9759 -117.006 1219.32 7.35494 -7.58367 79.2761 7.41638 -13 2248 1 0 1
58.4511 113.724 1219.32 4.37892 5.59467 59.588 9.44877 -13 2252 1 0 1
44.6448 -40.6173 1219.32 4.13988 -1.94372 63.1504 7.4103 -13 2253 1 0 1
100.857 -10.0885 1219.32 5.41735 -2.2313 28.7306 16.1393 -13 2255 1 0 1
65.2561 -55.2237 1219.32 5.47746 -3.02754 69.6106 6.112 -13 2257 1 0 1
64.8319 -108.399 1219.32 4.04888 -7.49219 52.9711 7.73014 -13 2263 1 0 1
-28.3403 -61.9523 1219.32 0.0253725 -3.71302 74.4069 6.33323 -13 2266 1 0 1
54.4619 99.9038 1219.32 4.57553 5.57798 67.9193 6.61714 -13 2269 1 0 1
114.055 -38.8238 1219.32 8.51192 -2.30476 75.2353 8.56975 -13 2270 1 0 1
163.575 -74.44 1219.32 10.5498 -3.93203 67.3071 10.2711 -13 2271 1 0 1
127.621 54.5183 1219.32 7.82069 2.64315 59.1479 8.14711 -13 2275 1 0 1
-29.0824 87.9186 1219.32 -0.225691 5.50485 75.7717 10.0166 -13 2278 1 0 1
172.286 -29.0457 1219.32 13.392 -1.67077 61.8821 9.66804 -13 2280 1 0 1
118.846 -23.1143 1219.32 8.26582 -1.38147 68.8769 8.47341 -13 2283 1 0 1
115.622 -24.978 1219.32 6.64919 -1.04827 52.6054 9.03851 -13 2288 1 0 1
95.5279 -55.0386 1219.32 7.37376 -3.28747 74.4529 9.61291 -13 2293 1 0 1
73.1592 -14.7528 1219.32 5.923 -0.75612 69.4579 6.7946 -13 2299 1 0 1
179.855 18.4733 1219.32 10.365 0.991731 59.5679 10.814 -13 2302 1 0 1
158.915 -44.6667 1219.32 11.0689 -2.76023 74.0119 6.14629 -13 2303 1 0 1
15.2763 -52.073 1219.32 2.62189 -2.46298 58.15 8.92539 -13 2306 1 0 1
97.1128 81.35 1219.32 4.83184 2.59604 39.0887 10.2782 -13 2307 1 0 1
131.712 59.7505 1219.32 7.63723 1.48005 44.2501 12.4976 -13 2308 1 0 1
135.6 -115.576 1219.32 8.77335 -6.24676 66.3587 8.97859 -13 2311 1 0 1
56.1398 0.490715 1219.32 2.75284 -1.56394 46.9731 11.8144 -13 2313 1 0 1
113.691 29.4711 1219.32 7.32389 1.5006 61.2581 7.6452 -13 2317 1 0 1
4.62418 -47.4767 1219.32 1.91232 -3.00733 79.2581 3.61998 -13 2320 1 0 1
-13.4835 -42.5267 1219.32 1.08931 -2.38665 67.1142 8.57221 -13 2324 1 0 1
101.237 81.698 1219.32 6.20896 3.50192 54.498 8.90191 -13 2333 1 0 1
185.382 -80.8062 1219.32 11.8296 -4.57726 68.3415 7.26865 -13 2343 1 0 1
59.7121 -64.2533 1219.32 5.31616 -3.93058 73.1274 7.51073 -13 2345 1 0 1
165.07 -100.128 1219.32 8.69813 -4.36407 52.291 8.15425 -13 2347 1 0 1
155.941 -23.5798 1219.32 10.2505 -1.28799 68.4208 5.43639 -13 2352 1 0 1
110.344 115.418 1219.32 7.82915 6.715 71.5667 6.35025 -13 2353 1 0 1
-38.1766 -106.502 1219.32 -0.588615 -5.80818 67.5114 6.74564 -13 2354 1 0 1
187.939 86.2744 1219.32 10.2467 3.82791 55.9445 8.35065 -13 2361 1 0 1
124.761 -21.8496 1219.32 8.17067 -1.07183 64.4634 9.92129 -13 2365 1 0 1
181.06 19.029 1219.32 9.31952 0.812126 51.6882 9.26354 -13 2370 1 0 1
125.538 40.8374 1219.32 8.57932 2.3905 68.387 7.90651 -13 2374 1 0 1
-16.0709 51.6823 1219.32 1.21515 2.17914 52.5798 9.18642 -13 2376 1 0 1
34.6932 98.4113 1219.32 3.60871 6.12855 77.1909 5.05441 -13 2377 1 0 1
145.247 56.9874 1219.32 9.13962 2.7956 63.3086 7.30212 -13 2384 1 0 1
160.449 93.0972 1219.32 7.06325 3.08126 41.284 9.62083 -13 2386 1 0 1
41.3424 84.3955 1219.32 4.10396 5.48037 77.3529 7.75902 -13 2387 1 0 1
36.805 -55.8383 1219.32 4.03957 -3.57285 78.9351 6.1093 -13 2391 1 0 1
111.102 -17.7276 1219.32 8.32926 -1.0769 75.4959 6.0056 -13 2392 1 0 1
112.334 -41.807 1219.32 7.49882 -2.14749 64.1045 6.14666 -13 2394 1 0 1
122.256 30.8853 1219.32 8.53918 1.84568 70.0115 9.54262 -13 2399 1 0 1
126.882 -53.3382 1219.32 9.65487 -3.53712 79.5052 7.32185 -13 2401 1 0 1
108.027 -21.5927 1219.32 7.76614 -1.2308 70.2993 7.96435 -13 2403 1 0 1
126.541 6.82045 1219.32 9.47046 0.300568 77.6315 7.97264 -13 2404 1 0 1
185.387 95.6562 1219.32 12.7501 5.93588 74.9822 6.88417 -13 2405 1 0 1
97.7891 -20.5327 1219.32 6.83812 -0.94473 64.834 8.28161 -13 2408 1 0 1
110.13 -94.52 1219.32 8.30018 -5.8544 75.9199 6.33234 -13 2423 1 0 1
123.666 73.4675 1219.32 8.34115 4.05298 66.9061 6.12786 -13 2424 1 0 1
180.082 118.035 1219.32 11.616 6.71976 69.674 7.79892 -13 2429 1 0 1
170.605 19.0752 1219.32 9.3161 0.929505 54.9923 10.1005 -13 2430 1 0 1
121.183 -74.2706 1219.32 8.13817 -3.8726 66.0721 6.08959 -13 2431 1 0 1
72.589 -66.3238 1219.32 4.99466 -2.74287 51.9356 11.3175 -13 2434 1 0 1
-12.0413 -14.9295 1219.32 -1.08764 -2.53424 56.1218 8.80297 -13 2439 1 0 1
93.6556 43.9634 1219.32 5.74822 -2.72163 60.9597 7.50151 -13 2442 1 0 1
70.3153 34.1215 1219.32 5.71398 1.86275 68.2648 9.04899 -13 2443 1 0 1
102.599 -83.7674 1219.32 6.90446 -4.16554 62.0792 8.31091 -13 2446 1 0 1
169.871 119.623 1219.32 10.8402 6.64093 67.9556 7.88448 -13 2447 1 0 1
84.251 101.821 1219.32 5.67805 4.88464 59.6194 7.099 -13 2457 1 0 1
182.258 83.9006 1219.32 9.61312 3.67783 53.3326 8.85638 -13 2460 1 0 1
18.373 -49.2262 1219.32 2.82563 -2.90176 72.4887 5.72618 -13 2461 1 0 1
88.2539 -94.407 1219.32 6.38649 -5.10001 67.3613 6.57562 -13 2469 1 0 1
174.996 5.49961 1219.32 11.097 0.362414 66.7961 9.30904 -13 2470 1 0 1
-27.204 -51.4482 1219.32 0.105587 -3.00336 73.9459 6.91514 -13 2471 1 0 1
66.6317 -101.371 1219.32 5.51187 -6.13249 74.0373 8.53492 -13 2476 1 0 1
172.166 -67.543 1219.32 10.8758 -3.83978 66.1942 8.50963 -13 2481 1 0 1
119.665 -113.146 1219.32 7.18789 -5.35446 58.3036 8.62031 -13 2483 1 0 1
162.598 167.888 1219.32 7.01118 8.77936 45.3475 9.45133 -13 2488 1 0 1
32.5143 -94.2456 1219.32 3.4232 -5.41699 71.4049 9.53899 -13 2492 1 0 1
174.262 48.5805 1219.32 8.69632 1.90729 49.3674 8.85604 -13 2495 1 0 1
-59.9911 -110.322 1219.32 -1.99526 -6.55342 71.7491 7.92328 -13 2500 1 0 1
75.343 -27.1441 1219.32 5.86817 -1.62694 65.6259 6.82467 -13 2502 1 0 1
-37.8724 -18.042 1219.32 -4.8898 -3.59442 63.9626 8.54369 -13 2504 1 0 1
51.0685 -98.8227 1219.32 4.45305 -5.63398 70.7584 9.5061 -13 2506 1 0 1
-48.0871 -8.74341 1219.32 -0.74541 -0.499928 66.1677 9.60405 -13 2520 1 0 1
60.1351 -13.1241 1219.32 5.57444 -0.852969 80.5506 7.39918 -13 2528 1 0 1
54.0885 -84.7226 1219.32 4.5674 -4.53912 66.7461 7.18232 -13 2537 1 0 1
83.5334 -43.5026 1219.32 6.93388 -2.73735 77.611 6.93127 -13 2538 1 0 1
117.181 16.6077 1219.32 8.26744 0.993774 70.1638 7.37071 -13 2543 1 0 1
179.368 -34.0097 1219.32 12.5783 -2.09334 76.3166 5.45382 -13 2548 1 0 1
99.6837 105.807 1219.32 7.25486 6.15642 71.2066 6.2578 -13 2550 1 0 1
-29.6318 -48.6478 1219.32 -3.30123 -10.0535 59.8648 5.84667 -13 2551 1 0 1
100.344 47.5252 1219.32 6.92098 2.56466 64.6253 7.02515 -13 2555 1 0 1
189.893 -3.60926 1219.32 9.47624 -0.153593 50.4801 10.6256 -13 2556 1 0 1
139.109 -75.3088 1219.32 7.83804 -3.23711 54.178 7.56086 -13 2559 1 0 1
62.0099 11.4177 1219.32 5.56435 0.716796 77.2934 6.53752 -13 2560 1 0 1
83.5215 -67.0108 1219.32 6.82183 -4.03025 74.4676 5.33144 -13 2561 1 0 1
113.015 -19.7128 1219.32 8.17998 -1.27532 72.1791 5.60768 -13 2566 1 0 1
188.49 -55.5813 1219.32 12.9467 -3.25809 75.2554 6.34991 -13 2575 1 0 1
121.159 75.6781 1219.32 7.73025 3.80406 61.4591 7.96909 -13 2576 1 0 1
-46.0054 41.2682 1219.32 -0.506178 2.05147 63.398 7.97206 -13 2578 1 0 1
48.3764 -58.2614 1219.32 3.69017 -2.1969 44.9258 9.83721 -13 2580 1 0 1
-72.3619 -135.147 1219.32 -2.76539 -7.58112 46.3269 10.8742 -13 2581 1 0 1
158.324 -62.3423 1219.32 6.56576 -1.85394 37.7988 11.7546 -13 2586 1 0 1
57.1962 -58.8246 1219.32 6.18742 -7.49943 43.9669 10.2808 -13 2591 1 0 1
124.507 27.9316 1219.32 8.78894 1.59757 71.5105 9.10554 -13 2595 1 0 1
33.8464 100.821 1219.32 3.28817 5.0346 61.2261 7.8776 -13 2599 1 0 1
165.365 -103.785 1219.32 11.1816 -8.7848 67.1738 8.03349 -13 2601 1 0 1
-9.07479 -90.5221 1219.32 0.914074 -5.64795 77.6474 7.03197 -13 2603 1 0 1
-23.0527 -63.6463 1219.32 0.55919 -3.5262 68.461 6.98233 -13 2607 1 0 1
19.248 114.973 1219.32 2.28435 4.38329 47.2446 11.8398 -13 2608 1 0 1
105.809 -102.697 1219.32 8.29772 -6.86375 80.2499 6.66106 -13 2611 1 0 1
123.744 -77.1461 1219.32 8.25952 -4.185 65.8531 6.93871 -13 2617 1 0 1
2.055 -111.729 1219.32 1.43857 -7.22962 80.0387 6.23598 -13 2625 1 0 1
99.2688 -108.016 1219.32 7.32386 -6.34299 73.28 7.5661 -13 2628 1 0 1
176.645 -2.01028 1219.32 11.1762 -0.169087 66.7268 8.29913 -13 2629 1 0 1
174.051 153.732 1219.32 5.839 6.69179 37.3995 13.0227 -13 2631 1 0 1
168.822 -12.3462 1219.32 10.5412 -0.556109 65.0205 7.53117 -13 2633 1 0 1
10.1555 -58.0902 1219.32 2.37321 -2.8776 59.155 8.12624 -13 2643 1 0 1
18.056 23.2228 1219.32 3.37555 5.59582 74.174 4.67443 -13 2647 1 0 1
77.6199 21.503 1219.32 5.66124 1.10084 59.9449 8.19788 -13 2652 1 0 1
-34.2027 -45.803 1219.32 -4.56466 -9.78971 67.2066 9.44241 -13 2653 1 0 1
-69.9718 89.2598 1219.32 -3.19186 5.78249 81.1358 5.28118 -13 2655 1 0 1
28.4473 -53.7043 1219.32 5.03071 -13.0129 74.3196 5.19852 -13 2657 1 0 1
90.613 -146.012 1219.32 2.97574 -7.3107 39.2512 8.50815 -13 2659 1 0 1
94.9666 -119.403 1219.32 6.84042 -6.9109 70.0977 8.71014 -13 2665 1 0 1
109.476 23.9596 1219.32 6.79282 1.06453 57.4578 8.38742 -13 2666 1 0 1
117.931 89.4119 1219.32 8.12798 4.95534 67.8251 6.88339 -13 2671 1 0 1
16.7638 51.4698 1219.32 2.75807 3.07507 71.2935 6.88714 -13 2673 1 0 1
116.237 12.2898 1219.32 8.0043 0.780861 67.588 8.06156 -13 2677 1 0 1
26.5303 51.5388 1219.32 3.23754 2.86715 65.1225 6.47451 -13 2682 1 0 1
28.6135 105.259 1219.32 3.13461 6.00955 69.7438 7.31961 -13 2687 1 0 1
46.305 -90.5656 1219.32 4.33315 -5.47506 75.4615 6.93142 -13 2688 1 0 1
54.9226 108.842 1219.32 4.71724 6.47135 72.8635 5.58861 -13 2692 1 0 1
131.709 114.672 1219.32 9.83768 7.51503 79.5983 8.09033 -13 2693 1 0 1
58.0903 -31.9593 1219.32 4.69769 -1.51822 59.3921 10.2063 -13 2703 1 0 1
-4.23272 -49.7567 1219.32 1.57581 -2.6891 67.0493 9.37501 -13 2704 1 0 1
98.0786 121.625 1219.32 7.31296 7.51819 74.4573 9.58551 -13 2709 1 0 1
-42.7105 42.9849 1219.32 -1.12903 2.95951 80.1882 6.61128 -13 2719 1 0 1
167.854 -14.1392 1219.32 11.2577 -0.747319 71.1499 6.35546 -13 2722 1 0 1
106.332 40.2918 1219.32 5.6695 1.45215 45.6063 9.05603 -13 2724 1 0 1
175.194 2.43981 1219.32 10.8517 0.263822 65.0239 6.72585 -13 2727 1 0 1
-61.3202 -52.7098 1219.32 -1.4485 -2.51174 62.6467 9.22759 -13 2731 1 0 1
186.168 20.7581 1219.32 12.9432 1.37162 76.4402 5.14697 -13 2739 1 0 1
-55.6557 -119.184 1219.32 -1.63163 -6.57677 67.5333 9.40403 -13 2741 1 0 1
94.4392 89.6403 1219.32 7.04465 5.20934 71.0814 5.45056 -13 2742 1 0 1
125.493 -70.7374 1219.32 9.61714 -4.62 79.9034 7.64117 -13 2743 1 0 1
187.47 35.9038 1219.32 11.4227 1.8031 64.4211 6.98864 -13 2744 1 0 1
185.817 -83.9677 1219.32 10.7878 -4.13683 60.3171 8.61298 -13 2749 1 0 1
141.943 75.232 1219.32 9.3251 4.04877 66.7817 6.807 -13 2750 1 0 1
165.031 51.7095 1219.32 10.5029 2.81784 66.1553 6.92636 -13 2758 1 0 1
-81.3155 69.9365 1219.32 -3.6408 4.49383 78.3387 8.83353 -13 2763 1 0 1
108.667 111.896 1219.32 6.84045 5.53658 59.2795 9.40144 -13 2766 1 0 1
181.961 89.5483 1219.32 10.548 4.3708 60.1657 8.67466 -13 2768 1 0 1
129.795 6.03003 1219.32 7.30662 0.335805 53.2333 11.3826 -13 2771 1 0 1
78.5975 -108.368 1219.32 6.04977 -6.33894 71.4106 6.20847 -13 2775 1 0 1
31.1129 125.685 1219.32 3.02744 6.37863 61.1149 8.0463 -13 2782 1 0 1
128.351 64.906 1219.32 8.61986 3.55476 67.2626 8.46776 -13 2783 1 0 1
70.7013 -50.3309 1219.32 6.11451 -3.15168 76.8971 6.4889 -13 2787 1 0 1
188.006 -50.5738 1219.32 12.4689 -2.99765 71.7649 7.9739 -13 2790 1 0 1
104.124 6.4142 1219.32 8.08382 0.363197 77.8251 7.10579 -13 2792 1 0 1
33.5768 53.3367 1219.32 3.56452 2.72473 63.9632 9.58734 -13 2794 1 0 1
35.2377 46.9117 1219.32 3.91807 3.19505 80.0624 6.01141 -13 2795 1 0 1
140.455 60.2747 1219.32 8.84163 3.06194 62.8916 11.1845 -13 2802 1 0 1
63.257 109.593 1219.32 5.2444 6.67873 73.3503 7.54795 -13 2806 1 0 1
60.9778 -22.8119 1219.32 5.22946 -1.2849 69.5246 7.04849 -13 2809 1 0 1
128.512 32.6169 1219.32 7.96965 1.6945 60.5452 8.04319 -13 2819 1 0 1
179.671 77.1391 1219.32 12.2588 4.54834 73.5873 6.39391 -13 2820 1 0 1
168.968 13.5768 1219.32 8.40116 0.683235 48.8547 7.64822 -13 2821 1 0 1
101.398 -39.1128 1219.32 6.37333 -2.00465 56.392 12.0696 -13 2829 1 0 1
137.763 -94.2809 1219.32 7.82116 -4.08302 54.8547 8.22194 -13 2834 1 0 1
57.6221 47.1192 1219.32 4.83071 2.47004 63.4669 8.16229 -13 2836 1 0 1
143.426 89.1302 1219.32 9.44767 4.85625 67.0013 7.61758 -13 2837 1 0 1
182.184 -50.8535 1219.32 10.0706 -2.4755 56.5274 6.87244 -13 2838 1 0 1
96.4548 53.5126 1219.32 7.19008 3.0018 70.5919 6.95271 -13 2839 1 0 1
-2.85252 -109.631 1219.32 1.35006 -6.1699 68.8417 9.07912 -13 2852 1 0 1
25.1645 -106.976 1219.32 2.98166 -6.44071 73.3421 6.08073 -13 2854 1 0 1
64.1675 -117.185 1219.32 5.09648 -6.77042 68.922 8.09798 -13 2858 1 0 1
58.6283 85.4612 1219.32 4.23456 3.67989 52.9734 8.61678 -13 2863 1 0 1
28.1615 -94.6038 1219.32 3.10837 -4.98535 63.8344 7.07026 -13 2873 1 0 1
171.846 1.72826 1219.32 11.4518 0.0443616 70.89 7.38145 -13 2874 1 0 1
-42.4081 8.88581 1219.32 -0.711557 0.658189 71.8173 7.06474 -13 2875 1 0 1
121.08 76.8175 1219.32 7.82265 3.81999 62.5014 9.00943 -13 2877 1 0 1
181.538 57.6775 1219.32 11.2095 3.02871 65.0513 7.56515 -13 2881 1 0 1
170.265 49.5618 1219.32 11.6033 2.88441 72.8372 9.2152 -13 2882 1 0 1
112.181 -30.2009 1219.32 7.77773 -1.83003 67.6013 7.74386 -13 2883 1 0 1
31.5193 96.77 1219.32 3.30612 5.29905 66.4731 9.5999 -13 2888 1 0 1
102.381 17.9805 1219.32 7.62336 1.09084 72.5515 5.12308 -13 2891 1 0 1
184.465 -63.9856 1219.32 12.4391 -3.76903 73.0362 6.42579 -13 2896 1 0 1
12.1498 -103.412 1219.32 0.854734 -3.5534 44.564 11.7591 -13 2898 1 0 1
79.731 48.3512 1219.32 6.35553 2.65867 70.8437 7.06565 -13 2899 1 0 1
20.7916 50.3622 1219.32 2.9711 2.63646 66.0529 8.02781 -13 2913 1 0 1
78.4317 -13.465 1219.32 5.93329 -0.647659 64.2144 9.06321 -13 2918 1 0 1
102.427 -56.0661 1219.32 7.04437 -2.82864 64.5369 7.83367 -13 2919 1 0 1
-44.3593 -63.2964 1219.32 -1.28729 -4.23998 81.1338 7.23522 -13 2923 1 0 1
190.378 60.8406 1219.32 13.0464 3.58516 75.1473 5.63736 -13 2931 1 0 1
189.822 -91.8255 1219.32 10.8824 -4.4457 59.6175 7.82044 -13 2932 1 0 1
177.013 56.7111 1219.32 11.7569 3.44521 70.9668 6.22531 -13 2933 1 0 1
118.374 42.88 1219.32 13.2662 6.18821 48.944 9.87587 -13 2941 1 0 1
74.8834 -83.1379 1219.32 5.82004 -4.69913 68.6802 7.02255 -13 2944 1 0 1
165.76 -72.3149 1219.32 10.1587 -3.81991 63.2012 9.7319 -13 2947 1 0 1
-21.6632 94.5557 1219.32 0.339167 5.45873 70.3208 9.0694 -13 2948 1 0 1
14.7537 106.145 1219.32 2.36313 5.89523 67.0519 9.10536 -13 2951 1 0 1
-55.3967 50.9658 1219.32 -1.95739 3.20223 80.1353 7.18134 -13 2953 1 0 1
94.3728 79.5338 1219.32 7.50846 5.09705 77.3548 7.64455 -13 2956 1 0 1
173.845 -91.363 1219.32 12.2609 -5.7627 76.4587 7.14131 -13 2958 1 0 1
159.331 -60.0568 1219.32 10.4845 -3.31963 68.4577 7.59765 -13 2965 1 0 1
10.3387 -102.353 1219.32 2.12871 -5.68402 68.2537 6.29231 -13 2975 1 0 1
147.589 -111.753 1219.32 9.79065 -6.25295 69.457 5.21024 -13 2979 1 0 1
97.1046 109.339 1219.32 6.95162 6.13323 69.0811 8.83252 -13 2981 1 0 1
168.959 -60.1285 1219.32 9.42729 -2.8159 56.3232 9.92013 -13 2984 1 0 1
53.1356 -50.4564 1219.32 4.91799 -3.01783 73.4212 7.19564 -13 2985 1 0 1
74.6489 117.689 1219.32 5.93071 7.27851 74.8152 8.60076 -13 2987 1 0 1
35.9768 55.0781 1219.32 3.79318 2.9351 66.0618 7.8314 -13 2990 1 0 1
-5.0645 -84.8623 1219.32 1.23696 -5.24091 76.0259 7.30088 -13 2992 1 0 1
113.367 -42.2754 1219.32 8.57072 -2.57325 77.042 7.78808 -13 2995 1 0 1
145.425 -11.475 1219.32 10.5419 -0.681968 76.4749 6.31314 -13 2996 1 0 1
48.8905 -99.3761 1219.32 4.41269 -5.96348 72.6276 7.87567 -13 2999 1 0 1
12.375 -86.5202 1219.32 2.30482 -5.20181 73.0228 4.88589 -13 3000 1 0 1
64.7852 -113.572 1219.32 5.40143 -7.14835 77.1101 6.96779 -13 3002 1 0 1
-34.0507 -17.973 1219.32 0.0639043 -1.15501 64.7308 8.36548 -13 3004 1 0 1
182.118 0.783485 1219.32 10.2176 -0.00886421 57.7432 9.80162 -13 3007 1 0 1
132.288 118.147 1219.32 8.24932 6.083 62.6095 7.32047 -13 3011 1 0 1
125.349 11.6842 1219.32 9.3248 0.876456 76.9026 8.351 -13 3022 1 0 1
-87.361 -148.196 1219.32 -3.44674 -5.85295 30.8692 14.1171 -13 3027 1 0 1
123.575 -72.6624 1219.32 9.04289 -4.4276 74.686 4.86728 -13 3032 1 0 1
-47.2511 23.6082 1219.32 -1.35458 1.52551 79.0013 6.85176 -13 3033 1 0 1
-35.5641 49.4839 1219.32 -0.702847 3.16549 80.5527 7.99862 -13 3040 1 0 1
148.632 -0.747642 1219.32 10.7065 0.0187395 76.2488 6.98682 -13 3041 1 0 1
73.155 59.416 1219.32 5.47582 2.97101 60.4761 5.80326 -13 3048 1 0 1
187.325 -7.94046 1219.32 12.5165 -0.552132 72.6952 7.91895 -13 3054 1 0 1
-8.38541 37.0819 1219.32 -0.696144 7.15835 61.9539 7.13869 -13 3055 1 0 1
-50.9805 -28.7232 1219.32 -1.13928 -1.65521 70.3936 5.01119 -13 3063 1 0 1
13.1839 88.7326 1219.32 2.30405 4.10564 57.4669 9.19546 -13 3066 1 0 1
176.949 -115.189 1219.32 7.8088 -4.06294 43.4706 11.2736 -13 3069 1 0 1
41.2694 105.366 1219.32 3.62904 5.2354 60.8849 7.87035 -13 3073 1 0 1
102.42 87.6368 1219.32 7.91058 5.47205 76.8431 6.45403 -13 3074 1 0 1
54.95 65.0896 1219.32 5.0189 4.05595 73.2405 6.60378 -13 3076 1 0 1
175.488 -92.4559 1219.32 8.45561 -3.50484 47.2392 8.26952 -13 3081 1 0 1
99.5594 -52.6769 1219.32 5.95421 -2.3081 52.1873 9.94526 -13 3082 1 0 1
-19.5048 39.1882 1219.32 0.726061 2.21297 69.4252 8.12851 -13 3084 1 0 1
-25.0004 -47.7131 1219.32 -2.33387 -7.05628 46.6209 8.04857 -13 3085 1 0 1
77.133 66.1427 1219.32 5.13811 2.84641 51.368 8.50628 -13 3086 1 0 1
135.439 -73.6946 1219.32 8.88272 -3.98723 65.6632 7.21297 -13 3091 1 0 1
-63.0767 43.9616 1219.32 -2.23039 2.84416 76.8511 7.19669 -13 3094 1 0 1
51.1008 -62.1845 1219.32 4.35449 -2.9948 59.9685 7.74217 -13 3098 1 0 1
148.449 -32.4334 1219.32 9.93001 -1.90981 69.1904 7.36214 -13 3099 1 0 1
95.5769 52.3401 1219.32 6.99136 2.97985 68.5535 7.7905 -13 3100 1 0 1
79.5425 33.6254 1219.32 6.07933 1.6592 65.4459 7.99997 -13 3101 1 0 1
65.1885 -70.5799 1219.32 4.84081 -3.22328 55.481 8.79196 -13 3103 1 0 1
-60.9244 -12.9976 1219.32 -8.9605 -2.97992 71.2323 9.38333 -13 3111 1 0 1
102.1 -86.4815 1219.32 6.61081 -4.20459 59.1016 9.71011 -13 3113 1 0 1
100.88 64.4411 1219.32 6.59631 3.09936 59.8014 8.22283 -13 3116 1 0 1
-35.9042 49.3354 1219.32 -0.441492 2.91382 75.4184 6.79763 -13 3119 1 0 1
33.4297 -109.133 1219.32 3.24999 -5.60042 63.7149 7.62066 -13 3121 1 0 1
-13.9377 -40.1514 1219.32 0.857895 -2.38715 75.9973 6.51685 -13 3126 1 0 1
104.539 87.6011 1219.32 7.35024 4.71879 67.4552 7.12342 -13 3135 1 0 1
138.913 -56.0761 1219.32 8.9662 -2.95041 65.0487 6.73218 -13 3139 1 0 1
77.3481 -68.9873 1219.32 6.06233 -3.77353 67.3701 8.50993 -13 3145 1 0 1
157.438 -40.0818 1219.32 9.02293 -1.91803 57.4404 8.30271 -13 3148 1 0 1
97.4194 55.3364 1219.32 6.90219 3.06124 66.4347 6.5454 -13 3153 1 0 1
160.804 -0.933981 1219.32 9.75534 0.0137707 62.0773 5.51197 -13 3155 1 0 1
45.8451 -105.224 1219.32 4.06728 -5.84879 69.3514 7.6034 -13 3158 1 0 1
-56.7934 118.17 1219.32 -1.37099 6.05453 62.4617 7.02848 -13 3160 1 0 1
188.808 -119.038 1219.32 11.3787 -6.32443 64.4858 5.82427 -13 3170 1 0 1
29.9321 -49.9197 1219.32 3.4523 -2.59942 66.1741 7.51409 -13 3174 1 0 1
164.596 -56.9173 1219.32 9.79534 -2.83502 60.7151 8.33189 -13 3178 1 0 1
94.2931 -93.125 1219.32 7.13918 -5.51947 73.0787 4.68381 -13 3181 1 0 1
96.0892 32.7293 1219.32 6.98772 1.87263 68.2115 8.04637 -13 3184 1 0 1
122.308 97.7072 1219.32 6.91124 4.18488 52.7921 10.6046 -13 3193 1 0 1
142.421 -17.993 1219.32 8.6294 -0.960594 60.2248 7.92991 -13 3196 1 0 1
50.7289 34.6267 1219.32 7.94632 7.38154 67.2902 9.39416 -13 3198 1 0 1
162.102 -66.5708 1219.32 10.984 -3.85318 71.5134 9.54792 -13 3199 1 0 1
-77.3657 18.8876 1219.32 -3.397 1.1915 78.7113 7.89757 -13 3200 1 0 1
150.268 8.30523 1219.32 9.66802 0.356094 65.6723 7.01759 -13 3201 1 0 1
153.771 -6.72078 1219.32 9.72923 -0.388832 64.7087 8.67275 -13 3203 1 0 1
3.23002 -52.3546 1219.32 2.06439 -2.31369 52.3049 11.7578 -13 3211 1 0 1
104.137 31.3782 1219.32 14.1933 5.9286 62.555 7.45959 -13 3218 1 0 1
77.9164 -1.2928 1219.32 5.85777 0.0307443 63.4971 6.04608 -13 3220 1 0 1
186.867 53.6957 1219.32 11.375 2.64091 64.3236 6.62242 -13 3225 1 0 1
178.748 -47.5204 1219.32 11.8017 -2.67549 70.6398 6.90292 -13 3226 1 0 1
37.5828 -82.7991 1219.32 3.88945 -5.45037 79.7174 5.74036 -13 3230 1 0 1
123.68 -23.5502 1219.32 7.4008 -1.0936 56.9388 8.50249 -13 3232 1 0 1
115.719 -96.4052 1219.32 6.78325 -4.25112 54.3626 7.92156 -13 3235 1 0 1
174.13 -49.5002 1219.32 11.3065 -2.79907 68.6513 9.08572 -13 3239 1 0 1
-38.2811 39.5808 1219.32 -5.49471 9.23552 72.0088 7.90182 -13 3241 1 0 1
-60.6394 107.613 1219.32 -2.24692 6.58852 74.8304 5.77388 -13 3243 1 0 1
-30.6072 -17.0063 1219.32 -0.0437353 -1.03506 73.2183 6.29037 -13 3249 1 0 1
183.365 -44.4442 1219.32 11.6136 -2.45034 67.6484 6.31427 -13 3254 1 0 1
166.641 49.9998 1219.32 10.3795 2.61495 64.6459 6.81967 -13 3257 1 0 1
117.351 -36.5443 1219.32 9.03475 -2.31262 79.5478 7.71943 -13 3259 1 0 1
78.1045 -92.4597 1219.32 5.24497 -4.21468 56.2117 10.0166 -13 3265 1 0 1
54.4657 36.5056 1219.32 4.74019 1.92086 65.8566 7.20987 -13 3269 1 0 1
169.629 12.0723 1219.32 11.2967 0.877909 70.4577 7.80592 -13 3271 1 0 1
156.038 83.905 1219.32 10.9727 4.97495 74.3056 7.33509 -13 3274 1 0 1
81.3784 -39.7022 1219.32 6.91787 -2.3994 80.0821 7.22149 -13 3286 1 0 1
173.423 76.3025 1219.32 10.035 3.58755 59.3332 8.67641 -13 3300 1 0 1
98.7096 -11.348 1219.32 6.59777 -0.729218 61.1996 8.51654 -13 3303 1 0 1
127.066 125.473 1219.32 9.34015 6.65224 55.7139 10.1996 -13 3305 1 0 1
64.2146 38.7459 1219.32 5.58892 2.26944 73.3691 8.63166 -13 3309 1 0 1
121.838 -55.1235 1219.32 10.1741 -4.52272 59.7508 7.24613 -13 3310 1 0 1
49.3899 -89.3856 1219.32 2.2684 -6.54417 53.494 10.9895 -13 3311 1 0 1
184.287 68.1492 1219.32 11.4197 3.57321 65.5614 9.74896 -13 3320 1 0 1
153.803 -71.2986 1219.32 9.23724 -3.52378 60.5073 8.42473 -13 3329 1 0 1
180.854 -29.8608 1219.32 10.5615 -1.46122 60.6308 5.83615 -13 3340 1 0 1
9.08681 95.4118 1219.32 2.10225 4.99538 63.7564 7.57376 -13 3345 1 0 1
186.239 55.7192 1219.32 11.499 2.9463 65.3195 8.60561 -13 3350 1 0 1
146.919 -101.254 1219.32 4.81193 -4.45494 35.7306 14.1256 -13 3351 1 0 1
154.161 -85.6588 1219.32 7.95645 -5.25443 47.0877 10.3916 -13 3355 1 0 1
153.184 115.466 1219.32 10.0893 6.54923 69.2395 7.07425 -13 3356 1 0 1
134.365 -30.7868 1219.32 9.95482 -1.88685 77.4738 5.62001 -13 3358 1 0 1
169.551 -65.4421 1219.32 10.2551 -3.15715 62.4934 7.24706 -13 3362 1 0 1
144.782 -110.354 1219.32 9.26122 -5.9889 65.3234 7.89779 -13 3364 1 0 1
154.918 79.3573 1219.32 10.9113 4.79726 74.568 7.74224 -13 3370 1 0 1
57.3283 -41.3326 1219.32 4.90489 -2.16777 65.9562 7.71848 -13 3373 1 0 1
-62.5961 108.605 1219.32 -2.54206 6.87812 77.4238 4.60597 -13 3374 1 0 1
180.618 75.3932 1219.32 11.2566 4.37346 71.3461 9.6039 -13 3378 1 0 1
-28.9724 110.062 1219.32 -0.00661363 5.86498 65.2179 8.64875 -13 3383 1 0 1
75.5829 84.7331 1219.32 5.53227 4.34015 62.7495 8.82307 -13 3384 1 0 1
-35.5368 90.9821 1219.32 -0.313801 4.89764 66.7822 9.60331 -13 3393 1 0 1
110.899 118.632 1219.32 7.63775 6.68388 69.1231 8.65178 -13 3400 1 0 1
-54.5902 -48.1521 1219.32 -0.945182 -2.32901 60.0957 7.09683 -13 3406 1 0 1
103.897 7.10737 1219.32 6.30918 0.289648 54.1336 8.80426 -13 3411 1 0 1
-36.9823 -110.21 1219.32 -0.612153 -6.16259 69.1235 7.02155 -13 3421 1 0 1
76.4869 98.127 1219.32 5.64575 5.24414 64.1125 6.26089 -13 3422 1 0 1
28.7216 90.7425 1219.32 3.20922 5.11193 67.8838 6.13462 -13 3423 1 0 1
-75.7287 49.2929 1219.32 -3.35687 3.07886 79.7154 6.06734 -13 3428 1 0 1
54.7335 -34.2777 1219.32 4.91011 -1.97416 69.8049 9.07332 -13 3432 1 0 1
21.4813 65.1633 1219.32 3.01862 3.58691 69.2652 8.88903 -13 3433 1 0 1
113.3 -19.5647 1219.32 8.02318 -1.08748 69.9617 7.84524 -13 3438 1 0 1
63.7939 37.7517 1219.32 5.35363 2.16993 68.7429 7.45565 -13 3444 1 0 1
126.956 79.7883 1219.32 9.00348 4.61843 72.2164 7.94172 -13 3449 1 0 1
150.741 -55.3107 1219.32 9.92136 -3.08402 67.8245 9.21684 -13 3451 1 0 1
105.16 -81.3033 1219.32 7.07748 -4.23266 63.1489 10.2815 -13 3455 1 0 1
127.172 -23.9904 1219.32 7.49722 -1.11988 56.1376 8.91469 -13 3466 1 0 1
151.857 -14.3604 1219.32 10.2897 -0.872106 70.5498 6.42425 -13 3467 1 0 1
-14.9943 68.0458 1219.32 1.06546 3.41457 63.297 7.59455 -13 3474 1 0 1
135.095 113.58 1219.32 9.59559 7.04089 74.6811 5.28186 -13 3475 1 0 1
140.94 100.56 1219.32 9.06335 5.29364 65.2667 7.87163 -13 3487 1 0 1
40.9126 48.9046 1219.32 4.16522 2.76559 71.8753 7.06883 -13 3488 1 0 1
-84.2064 99.1613 1219.32 -4.11263 6.50149 78.5217 7.37797 -13 3491 1 0 1
83.7842 25.691 1219.32 3.48355 -0.134046 43.0302 10.4146 -13 3496 1 0 1
174.386 81.7483 1219.32 9.90097 3.81589 57.8161 9.51253 -13 3509 1 0 1
100.232 87.7679 1219.32 7.38174 4.99373 71.382 8.41985 -13 3518 1 0 1
37.4442 93.7217 1219.32 3.43838 4.40866 59.1553 8.39743 -13 3527 1 0 1
180.73 18.4135 1219.32 10.4247 0.895641 59.6314 8.63404 -13 3528 1 0 1
77.5553 -20.2195 1219.32 5.85907 -0.997817 63.8399 7.24 -13 3533 1 0 1
157.656 64.558 1219.32 9.55001 3.30863 61.3386 7.10989 -13 3535 1 0 1
166.576 123.198 1219.32 11.2996 7.59114 52.4548 8.46607 -13 3537 1 0 1
117.887 27.9891 1219.32 7.85846 1.52504 64.9099 7.7364 -13 3538 1 0 1
81.1776 -18.4604 1219.32 -5.3585 3.8091 36.0543 7.59538 -13 3542 1 0 1
178.575 -7.75883 1219.32 11.3954 -0.306016 67.7694 8.06123 -13 3545 1 0 1
34.1531 -103.566 1219.32 3.40867 -5.57711 65.7071 7.258 -13 3546 1 0 1
16.2753 -105.757 1219.32 2.35137 -4.93355 57.4113 7.04538 -13 3547 1 0 1
188.633 -82.1245 1219.32 7.43193 -2.45696 37.1958 12.3225 -13 3550 1 0 1
73.1531 -30.4769 1219.32 5.50216 -1.48655 61.4164 9.27616 -13 3553 1 0 1
108.643 76.9239 1219.32 6.95026 3.71398 59.4273 9.02945 -13 3561 1 0 1
-60.7029 115.103 1219.32 -2.40918 7.35096 77.121 7.40597 -13 3581 1 0 1
111.355 -63.1141 1219.32 7.68908 -3.47943 66.8887 8.68994 -13 3584 1 0 1
139.186 -30.1451 1219.32 9.49525 -1.62289 69.921 6.43446 -13 3586 1 0 1
67.6901 2.45915 1219.32 5.56295 0.0930603 68.2642 8.98709 -13 3587 1 0 1
109.146 43.5011 1219.32 7.42017 2.35504 65.2562 8.16977 -13 3592 1 0 1
71.7863 44.7691 1219.32 5.35945 2.14834 59.9774 7.92848 -13 3594 1 0 1
120.224 -86.5767 1219.32 9.11588 -5.57721 78.2335 9.29956 -13 3596 1 0 1
110.938 -93.9216 1219.32 6.19226 -3.88674 49.625 9.7106 -13 3597 1 0 1
100.366 -90.4767 1219.32 6.68976 -4.48852 61.3411 8.37879 -13 3608 1 0 1
60.7459 31.4349 1219.32 5.20926 1.84139 69.6976 6.39734 -13 3612 1 0 1
143.664 52.5088 1219.32 8.02102 2.29399 53.9758 10.3769 -13 3615 1 0 1
56.7783 -54.9394 1219.32 4.96157 -2.9882 68.1472 6.8086 -13 3618 1 0 1
164.784 52.6542 1219.32 8.56229 2.21057 51.1128 7.84192 -13 3626 1 0 1
59.3093 -100.041 1219.32 4.39624 -4.5744 57.2203 8.24025 -13 3632 1 0 1
-28.0334 -92.7391 1219.32 0.217606 -4.75706 62.542 9.36805 -13 3634 1 0 1
154.722 98.8151 1219.32 8.95724 4.69327 58.0588 7.49534 -13 3638 1 0 1
149.473 72.484 1219.32 9.89537 4.11927 68.2074 7.8244 -13 3639 1 0 1
137.868 58.2298 1219.32 8.77889 3.08429 63.6887 6.73942 -13 3642 1 0 1
-32.3343 70.5126 1219.32 0.410466 3.36443 57.1608 9.36508 -13 3650 1 0 1
158.797 133.574 1219.32 9.45763 9.45551 55.2277 8.46879 -13 3654 1 0 1
116.897 12.8197 1219.32 8.71589 0.851336 76.0312 7.76865 -13 3656 1 0 1
77.3956 -17.3343 1219.32 -5.82425 -1.97519 29.2581 7.00919 -13 3660 1 0 1
-7.0666 -104.023 1219.32 1.15257 -6.00154 70.0553 7.2613 -13 3662 1 0 1
1.79579 2.01347 1219.32 0.756809 0.479862 70.8886 5.87549 -13 3664 1 0 1
110.512 -8.91475 1219.32 7.69857 -0.456423 67.8037 7.22414 -13 3666 1 0 1
185.875 48.0279 1219.32 10.1726 2.21572 56.1706 9.38591 -13 3674 1 0 1
155.615 -11.3561 1219.32 9.60967 -0.609638 62.9679 8.75517 -13 3680 1 0 1
184.676 -32.5283 1219.32 9.66713 -1.38542 53.2333 9.14701 -13 3687 1 0 1
158.581 34.3679 1219.32 10.739 1.85305 71.1786 7.72405 -13 3690 1 0 1
115.405 -120.434 1219.32 8.7376 -7.90253 79.7919 9.11847 -13 3691 1 0 1
94.5073 13.3495 1219.32 6.68901 0.827972 64.958 6.96553 -13 3696 1 0 1
1.14136 -89.5377 1219.32 1.67355 -4.8684 65.3156 9.15021 -13 3707 1 0 1
175.353 -90.8054 1219.32 10.8252 -4.57528 64.7266 6.69457 -13 3713 1 0 1
130.436 -110.493 1219.32 9.10694 -6.41037 72.3986 6.60527 -13 3714 1 0 1
6.63517 103.613 1219.32 1.95935 4.82944 56.4947 8.06545 -13 3720 1 0 1
127.754 11.4545 1219.32 6.92077 0.464588 50.1079 9.70997 -13 3722 1 0 1
104.68 -25.8984 1219.32 7.91154 -1.4197 74.7735 6.54903 -13 3723 1 0 1
53.3807 47.1741 1219.32 8.87497 11.2198 72.7522 8.99959 -13 3727 1 0 1
-58.9597 -41.3108 1219.32 -1.48923 -2.36597 68.1577 9.16781 -13 3728 1 0 1
48.7769 63.173 1219.32 3.98458 2.65963 52.4579 7.61195 -13 3731 1 0 1
-7.90684 -116.944 1219.32 1.04999 -6.47097 67.3677 8.82608 -13 3734 1 0 1
128.833 59.5238 1219.32 9.16051 3.56902 72.6498 7.11708 -13 3738 1 0 1
111.952 10.4291 1219.32 7.55554 0.583329 65.1138 9.54246 -13 3742 1 0 1
115.662 -69.2421 1219.32 7.93971 -3.73047 67.2411 10.3062 -13 3744 1 0 1
55.8233 95.8528 1219.32 4.83453 5.64118 72.4347 6.84856 -13 3746 1 0 1
187.073 15.5749 1219.32 12.2832 0.910105 70.7714 7.8252 -13 3748 1 0 1
178.477 -109.629 1219.32 11.1664 -5.9177 66.698 6.93829 -13 3749 1 0 1
19.0708 59.3405 1219.32 2.89043 3.41413 72.5039 6.97761 -13 3753 1 0 1
99.7897 59.3378 1219.32 7.43994 3.42303 72.3215 7.76407 -13 3755 1 0 1
22.9193 53.8285 1219.32 3.14148 3.59489 78.7244 6.97752 -13 3758 1 0 1
-46.5962 26.6203 1219.32 -6.96847 6.4312 73.9787 7.69392 -13 3762 1 0 1
157.486 69.206 1219.32 10.0088 3.47411 65.3123 7.60922 -13 3765 1 0 1
189.94 -43.8076 1219.32 11.3968 -2.39325 63.5427 8.03092 -13 3768 1 0 1
138.59 82.8746 1219.32 8.46205 4.01875 60.24 7.2881 -13 3769 1 0 1
26.2934 113.37 1219.32 2.99873 7.08634 76.6893 7.48844 -13 3772 1 0 1
-75.4081 -36.7299 1219.32 -3.07702 -2.27564 76.4196 7.09654 -13 3774 1 0 1
-44.7138 -54.5647 1219.32 -0.302854 -2.60669 58.8939 9.80486 -13 3776 1 0 1
36.7994 -38.8994 1219.32 5.69777 -7.88241 64.5672 6.93231 -13 3787 1 0 1
160.232 10.8518 1219.32 9.58442 0.586419 60.7886 9.22684 -13 3789 1 0 1
-31.0603 -13.7566 1219.32 -0.0913833 -0.651519 73.5536 6.86317 -13 3792 1 0 1
30.9616 -54.3597 1219.32 3.20289 -2.31445 51.4833 9.7269 -13 3793 1 0 1
130.34 -64.8412 1219.32 6.8649 -3.00505 39.4478 11.1876 -13 3796 1 0 1
66.0256 91.9382 1219.32 5.41836 5.43759 71.2513 5.29999 -13 3798 1 0 1
179.237 34.244 1219.32 10.4937 1.76709 60.5771 10.066 -13 3806 1 0 1
72.8185 32.0225 1219.32 5.97495 1.67522 70.4658 7.13583 -13 3813 1 0 1
170.766 -15.3453 1219.32 10.178 -0.780301 61.3739 9.90605 -13 3818 1 0 1
-55.9322 19.4693 1219.32 -8.89918 5.03193 78.2184 7.99167 -13 3823 1 0 1
84.7973 123.287 1219.32 6.75051 8.20601 79.5232 7.55046 -13 3824 1 0 1
126.157 66.747 1219.32 9.54186 4.19867 78.7245 6.31923 -13 3825 1 0 1
30.6707 -107.932 1219.32 3.09206 -5.42381 61.694 7.71041 -13 3827 1 0 1
-50.5148 83.9636 1219.32 -1.2054 4.53001 69.0152 7.58609 -13 3829 1 0 1
65.418 -50.4309 1219.32 5.17745 -2.52231 61.669 5.50725 -13 3830 1 0 1
186.348 -55.354 1219.32 11.9755 -2.95591 68.3712 8.89148 -13 3831 1 0 1
163.691 -20.4252 1219.32 9.61767 -0.97583 59.819 7.66028 -13 3832 1 0 1
68.151 9.60159 1219.32 5.23628 0.456609 60.42 8.67989 -13 3835 1 0 1
-53.5523 -64.2376 1219.32 -1.01303 -3.45857 64.715 10.4084 -13 3838 1 0 1
128.179 -87.8304 1219.32 9.17072 -5.23231 73.2015 7.09883 -13 3842 1 0 1
125.056 -24.5477 1219.32 7.53151 -1.22036 57.7961 8.82909 -13 3845 1 0 1
144.967 -84.003 1219.32 10.6688 -5.5472 78.1273 8.03038 -13 3846 1 0 1
-22.7827 30.2607 1219.32 0.501194 1.7375 70.0308 7.43911 -13 3852 1 0 1
105.924 39.7913 1219.32 8.14821 2.47947 77.98 8.84907 -13 3855 1 0 1
47.2547 40.9716 1219.32 4.52774 2.41332 72.4066 5.08119 -13 3860 1 0 1
-33.161 12.3667 1219.32 0.417167 0.663004 54.7198 9.43544 -13 3861 1 0 1
7.17391 85.9105 1219.32 1.99999 5.05846 73.0923 6.01878 -13 3862 1 0 1
20.4505 107.28 1219.32 2.62555 6.21952 72.2174 5.05987 -13 3873 1 0 1
135.573 70.1273 1219.32 10.0296 4.48356 77.5133 8.73106 -13 3876 1 0 1
181.945 -75.7338 1219.32 10.2399 -3.56457 58.0481 8.75219 -13 3877 1 0 1
67.8443 7.52208 1219.32 10.1756 1.51441 64.8943 6.86849 -13 3879 1 0 1
118.682 -21.9279 1219.32 8.14831 -1.1657 67.9123 4.96488 -13 3881 1 0 1
142.803 42.6497 1219.32 10.0447 2.44636 73.0949 7.12975 -13 3883 1 0 1
22.3063 85.9752 1219.32 2.88788 4.84271 71.1786 6.51541 -13 3885 1 0 1
15.8838 87.5178 1219.32 2.45002 5.66666 78.5842 5.13779 -13 3893 1 0 1
109.247 -51.7406 1219.32 5.64965 -1.87907 43.997 9.75765 -13 3895 1 0 1
168.97 75.2777 1219.32 11.7322 4.52335 74.6146 8.32363 -13 3897 1 0 1
49.553 -57.2895 1219.32 4.60128 -3.20731 69.665 7.21956 -13 3898 1 0 1
116.323 18.131 1219.32 8.2508 1.05875 70.508 8.07064 -13 3899 1 0 1
-72.1849 -122.571 1219.32 -2.81528 -7.32327 71.7784 7.89076 -13 3906 1 0 1
59.8625 -49.9232 1219.32 4.90103 -2.67385 63.0456 8.38976 -13 3907 1 0 1
162.742 -72.1548 1219.32 10.7554 -3.9437 69.2831 8.11016 -13 3913 1 0 1
140.077 170.477 1219.32 7.69189 11.518 54.0543 9.02985 -13 3916 1 0 1
165.855 78.567 1219.32 10.6985 4.38131 67.1103 5.59913 -13 3918 1 0 1
-20.2078 104.013 1219.32 0.381192 6.02136 70.3983 8.90939 -13 3920 1 0 1
111.074 20.3875 1219.32 7.08987 0.946455 59.9512 8.65144 -13 3928 1 0 1
118.398 84.9902 1219.32 8.27874 4.81869 69.5326 7.3479 -13 3929 1 0 1
96.4559 60.0541 1219.32 6.95357 3.19047 67.4272 8.47559 -13 3930 1 0 1
48.9922 -89.2545 1219.32 3.99664 -4.28901 58.2664 9.03666 -13 3931 1 0 1
78.3533 -92.563 1219.32 6.28087 -5.58891 74.2352 6.39267 -13 3937 1 0 1
13.9109 -96.5803 1219.32 2.32553 -5.44117 70.0099 6.0093 -13 3938 1 0 1
42.317 -41.1276 1219.32 4.1367 -2.21625 66.6374 8.12335 -13 3946 1 0 1
148.527 -53.863 1219.32 10.5066 -3.2927 74.4624 7.015 -13 3948 1 0 1
106.838 91.7246 1219.32 7.80997 5.3435 72.0429 7.77377 -13 3954 1 0 1
184.02 25.879 1219.32 11.2678 1.51973 64.5445 9.24181 -13 3955 1 0 1
-23.1388 -83.3331 1219.32 0.149877 -5.02239 74.719 8.22843 -13 3956 1 0 1
-8.48083 61.2752 1219.32 1.21054 3.72196 74.8767 8.32548 -13 3961 1 0 1
-67.9358 -85.8774 1219.32 -2.78785 -5.50868 77.3076 7.01835 -13 3964 1 0 1
15.6219 -110.948 1219.32 2.33174 -5.52412 60.2684 7.87787 -13 3966 1 0 1
-5.47433 72.31 1219.32 1.47401 4.05905 69.72 6.13145 -13 3969 1 0 1
-41.354 71.8781 1219.32 -0.118046 3.547 59.4789 8.55007 -13 3974 1 0 1
38.9418 113.204 1219.32 3.03957 4.31211 46.2594 7.71407 -13 3978 1 0 1
119.233 35.1483 1219.32 8.3539 2.08034 69.9355 4.43614 -13 3983 1 0 1
98.4308 81.8715 1219.32 6.75523 4.27337 63.2127 9.25585 -13 3986 1 0 1
27.2215 -112.485 1219.32 2.92138 -6.15955 68.4105 6.76382 -13 3989 1 0 1
178.547 -66.3067 1219.32 12.5066 -4.1406 76.126 6.34777 -13 3990 1 0 1
-100.578 -22.131 1219.32 -5.63614 -2.13342 38.1206 12.7004 -13 3993 1 0 1
150.839 -21.0346 1219.32 10.1788 -1.21224 70.2904 7.21617 -13 3998 1 0 1
84.0957 -83.4542 1219.32 5.9976 -4.21642 63.1368 8.40659 -13 4000 1 0 1
169.467 -24.3081 1219.32 11.0683 -1.28046 68.8843 8.09107 -13 4002 1 0 1
134.973 42.4689 1219.32 8.49311 2.24213 62.5341 8.22557 -13 4014 1 0 1
161.064 67.7336 1219.32 10.318 3.62662 66.1896 5.7315 -13 4018 1 0 1
167.199 64.9012 1219.32 11.9351 4.18385 77.2133 7.07307 -13 4023 1 0 1
114.308 42.5091 1219.32 8.0767 2.42975 70.0259 4.56786 -13 4026 1 0 1
121.436 -22.6712 1219.32 8.16081 -1.18074 66.3726 7.78203 -13 4027 1 0 1
101.151 96.2472 1219.32 7.85498 5.96592 78.2714 5.84948 -13 4031 1 0 1
55.5499 -103.273 1219.32 4.68249 -5.88369 70.2298 7.9447 -13 4035 1 0 1
135.378 -59.7725 1219.32 9.18776 -3.22939 68.7492 9.92761 -13 4039 1 0 1
98.7415 24.3802 1219.32 7.51151 1.40429 74.2033 7.58066 -13 4040 1 0 1
98.5219 -26.0296 1219.32 7.72035 -1.36278 77.569 7.90577 -13 4042 1 0 1
95.4643 56.4708 1219.32 5.62446 2.31326 49.7971 10.6002 -13 4043 1 0 1
67.3807 -36.9152 1219.32 5.38915 -2.05678 64.3569 6.34271 -13 4046 1 0 1
113.716 66.6798 1219.32 8.12918 3.79547 70.8048 7.07764 -13 4049 1 0 1
101.202 43.6071 1219.32 7.24555 2.39357 68.1872 7.28256 -13 4050 1 0 1
96.8656 24.9083 1219.32 5.20627 0.76438 43.7503 10.8078 -13 4059 1 0 1
73.2142 103.63 1219.32 5.47461 5.56396 66.0116 6.36506 -13 4060 1 0 1
173.579 -14.246 1219.32 11.6218 -0.696199 71.5291 7.8542 -13 4061 1 0 1
65.0576 -65.7292 1219.32 5.46751 -3.7271 69.3114 6.21239 -13 4062 1 0 1
-50.8834 59.8467 1219.32 -1.44922 3.89014 76.7618 6.19363 -13 4064 1 0 1
60.6776 -109.462 1219.32 4.7279 -5.82891 65.4567 7.97613 -13 4067 1 0 1
184.031 66.6917 1219.32 11.5087 3.58309 66.3344 11.878 -13 4068 1 0 1
178.202 -62.9987 1219.32 11.3992 -3.60133 67.7599 7.81447 -13 4070 1 0 1
73.6681 -63.8667 1219.32 5.49203 -3.1123 60.7575 7.66668 -13 4071 1 0 1
30.5184 109.81 1219.32 3.13771 5.88162 66.3461 8.21182 -13 4074 1 0 1
102.323 74.5393 1219.32 7.21767 4.22035 67.0724 8.53741 -13 4077 1 0 1
-51.4907 -94.7557 1219.32 -1.12348 -5.00554 65.573 7.50986 -13 4078 1 0 1
60.6238 -114.953 1219.32 5.07785 -7.06148 73.867 6.71527 -13 4080 1 0 1
21.1941 -69.5472 1219.32 2.96685 -3.66752 65.22 9.32224 -13 4081 1 0 1
80.0663 -100.146 1219.32 6.56821 -6.56598 80.16 7.50103 -13 4082 1 0 1
95.0278 -103.353 1219.32 7.03341 -5.96811 72.3715 6.73537 -13 4087 1 0 1
20.8312 -71.1774 1219.32 3.38395 -2.48035 51.1693 9.89933 -13 4089 1 0 1
147.847 -68.8621 1219.32 10.6522 -4.38101 76.0229 9.04108 -13 4100 1 0 1
-38.804 43.6319 1219.32 -0.908089 2.93735 79.4646 6.03671 -13 4106 1 0 1
114.921 86.1336 1219.32 8.72418 5.46045 77.4388 8.75243 -13 4108 1 0 1
102.728 34.9441 1219.32 6.35979 1.65989 55.6185 8.48404 -13 4109 1 0 1
23.8422 -106.824 1219.32 2.72435 -4.99756 56.5791 7.19303 -13 4110 1 0 1
61.8412 51.7307 1219.32 5.12167 2.66804 65.2154 7.27221 -13 4114 1 0 1
136.387 138.456 1219.32 14.4492 18.1188 45.6547 8.66482 -13 4117 1 0 1
180.319 -52.9241 1219.32 10.307 -2.59859 58.9385 8.33301 -13 4122 1 0 1
99.1836 84.6544 1219.32 7.28063 4.84045 70.7684 7.64382 -13 4124 1 0 1
61.6926 -93.3885 1219.32 5.19281 -5.38416 71.821 8.2273 -13 4130 1 0 1
102.098 35.6994 1219.32 7.8537 2.1907 76.6137 8.86672 -13 4131 1 0 1
30.4344 -67.3643 1219.32 3.39112 -3.46897 62.2283 6.02214 -13 4134 1 0 1
3.20023 71.0229 1219.32 1.98298 4.0677 71.867 7.80064 -13 4135 1 0 1
129.349 65.2985 1219.32 7.42446 2.9102 54.5077 9.00308 -13 4136 1 0 1
60.9479 -67.6637 1219.32 5.10133 -3.66496 66.073 7.65188 -13 4137 1 0 1
47.8843 93.2987 1219.32 4.12391 4.91211 64.0695 8.30144 -13 4142 1 0 1
74.7633 -18.5829 1219.32 5.78008 -0.915653 64.8536 9.25621 -13 4146 1 0 1
167.706 90.9817 1219.32 11.5692 5.45946 73.3802 6.75778 -13 4158 1 0 1
151.27 38.4326 1219.32 10.334 2.24297 71.4025 6.16367 -13 4161 1 0 1
183.58 41.2384 1219.32 9.26166 1.62042 50.5357 8.0637 -13 4173 1 0 1
68.7834 -116.075 1219.32 5.53342 -7.02306 73.349 7.90486 -13 4180 1 0 1
176.251 19.4085 1219.32 10.3193 0.917698 60.5225 11.3015 -13 4187 1 0 1
166.475 -45.3364 1219.32 10.6136 -2.38471 66.685 7.94192 -13 4190 1 0 1
124.781 39.6534 1219.32 9.06291 2.40607 74.3731 6.84569 -13 4194 1 0 1
9.5385 -82.3003 1219.32 2.15342 -5.20203 77.4338 5.84227 -13 4196 1 0 1
75.4998 -112.574 1219.32 5.68344 -6.28917 69.3798 6.31138 -13 4197 1 0 1
108.42 31.2367 1219.32 7.70112 1.84682 69.3002 8.95086 -13 4198 1 0 1
149.763 122.044 1219.32 9.59566 6.81458 66.923 8.08676 -13 4201 1 0 1
122.202 -71.8069 1219.32 8.44123 -3.95699 68.8918 6.11501 -13 4208 1 0 1
83.1421 33.1458 1219.32 11.3083 5.9103 58.5674 5.88099 -13 4212 1 0 1
129.915 -119.302 1219.32 8.46826 -6.53844 65.8547 7.29627 -13 4214 1 0 1
107.088 136.539 1219.32 5.56008 7.15339 44.3024 12.2754 -13 4216 1 0 1
104.005 173.956 1219.32 4.75337 10.0513 63.8367 8.71152 -13 4220 1 0 1
58.2686 -47.9334 1219.32 4.67534 -2.19445 58.8563 6.6879 -13 4221 1 0 1
159.699 7.90421 1219.32 10.3898 0.428113 67.7821 8.6706 -13 4224 1 0 1
119.291 -108.535 1219.32 6.00584 -3.99932 45.43 11.1279 -13 4229 1 0 1
146.933 110.61 1219.32 9.92017 6.38062 70.8237 6.32757 -13 4232 1 0 1
68.8502 57.6299 1219.32 5.28375 2.88745 60.727 8.3394 -13 4235 1 0 1
80.6316 146.119 1219.32 5.63601 8.47691 66.8606 7.42248 -13 4236 1 0 1
74.6243 -103.87 1219.32 3.97047 -8.04899 57.7463 10.0256 -13 4239 1 0 1
48.0964 59.6142 1219.32 4.04854 2.73531 54.8916 7.42794 -13 4241 1 0 1
169.969 4.93106 1219.32 8.31118 0.287624 47.83 9.41438 -13 4243 1 0 1
111.378 108.856 1219.32 6.22674 4.56487 50.993 9.1022 -13 4249 1 0 1
186.887 0.0152071 1219.32 11.6899 0.147897 66.5167 8.11374 -13 4251 1 0 1
129.162 -101.509 1219.32 8.83476 -5.72999 69.2358 8.8643 -13 4252 1 0 1
185.156 -12.4662 1219.32 13.4397 -0.768395 80.4706 6.34528 -13 4253 1 0 1
-41.2379 -12.8963 1219.32 -0.0422662 -0.600308 56.4578 6.93947 -13 4257 1 0 1
67.5488 -56.24 1219.32 5.76098 -3.18871 72.9776 7.17211 -13 4259 1 0 1
180.657 2.09232 1219.32 11.0238 0.0387425 64.1301 6.08186 -13 4260 1 0 1
65.6313 53.0782 1219.32 9.88681 10.9691 65.3517 6.51932 -13 4265 1 0 1
136.58 -67.8598 1219.32 8.96895 -3.61171 66.044 8.62659 -13 4267 1 0 1
29.2157 -111.012 1219.32 3.08699 -6.03378 67.1049 8.38595 -13 4272 1 0 1
14.0122 -69.5653 1219.32 2.59427 -3.82423 65.968 8.74771 -13 4278 1 0 1
131.641 40.1217 1219.32 8.35819 2.0796 62.7708 8.90815 -13 4281 1 0 1
153.221 8.74046 1219.32 9.24978 0.349331 60.9955 7.948 -13 4282 1 0 1
129.048 -26.5217 1219.32 8.7418 -1.48059 68.1398 7.93642 -13 4289 1 0 1
-36.0584 11.8131 1219.32 0.247552 0.600591 56.3551 8.39746 -13 4293 1 0 1
175.479 -36.2759 1219.32 10.9385 -1.82166 65.4879 8.25792 -13 4294 1 0 1
137.454 -5.08041 1219.32 9.96495 -0.19339 75.9016 8.95081 -13 4298 1 0 1
186.71 -10.9413 1219.32 10.0303 -0.310604 55.0696 8.94044 -13 4300 1 0 1
98.5537 94.2511 1219.32 7.30501 5.45021 71.8488 6.7318 -13 4305 1 0 1
183.227 -93.1292 1219.32 12.2044 -5.51153 71.8002 7.93456 -13 4306 1 0 1
51.6076 -48.8382 1219.32 4.6172 -2.60458 66.3429 7.84325 -13 4309 1 0 1
186.929 -73.9066 1219.32 10.3677 -3.46289 57.3183 7.29577 -13 4312 1 0 1
184.515 -24.228 1219.32 11.1811 -1.34413 63.9036 6.39064 -13 4315 1 0 1
123.633 -38.3987 1219.32 8.69323 -2.11459 71.1389 7.70916 -13 4318 1 0 1
52.6558 123.271 1219.32 3.37845 7.83884 77.1272 5.10312 -13 4319 1 0 1
148.382 83.2816 1219.32 6.07624 2.54092 36.2307 15.2636 -13 4321 1 0 1
-172.73 124.243 1219.32 -1.84508 1.0524 8.82922 38.6983 -13 4326 1 0 1
162.908 -44.3921 1219.32 11.087 -2.75306 72.0813 7.24759 -13 4328 1 0 1
-75.0967 167.379 1219.32 -3.80895 12.7924 64.2458 6.71697 -13 4329 1 0 1
181.02 3.50878 1219.32 9.96581 0.204169 56.2624 8.78461 -13 4330 1 0 1
130.076 -43.9801 1219.32 8.39995 -2.22644 63.7 6.34278 -13 4332 1 0 1
40.1614 98.2422 1219.32 4.02685 6.49155 79.2002 7.49239 -13 4333 1 0 1
39.9372 86.5101 1219.32 3.90265 4.92831 70.1545 7.52874 -13 4335 1 0 1
183.188 -23.5751 1219.32 11.5759 -1.37597 67.2966 8.38472 -13 4337 1 0 1
55.0465 84.4302 1219.32 4.55222 4.4789 64.4943 8.06771 -13 4343 1 0 1
-143.146 -109.773 1219.32 -8.61639 -7.96078 52.3584 6.56558 -13 4344 1 0 1
-40.0768 -90.8258 1219.32 -0.645497 -5.12956 69.0311 6.86162 -13 4346 1 0 1
21.4796 130.518 1219.32 1.50015 7.56847 46.3965 11.2172 -13 4351 1 0 1
105.099 -3.93241 1219.32 7.19008 -0.178411 64.8478 9.4357 -13 4362 1 0 1
74.6615 45.7332 1219.32 4.95993 1.82005 50.3645 7.46208 -13 4368 1 0 1
1.00578 -71.3357 1219.32 0.537557 -11.3817 52.9022 9.0432 -13 4369 1 0 1
100.014 -85.6306 1219.32 7.86134 -3.4104 20.8706 6.29027 -13 4373 1 0 1
62.9548 -42.2938 1219.32 5.31516 -2.30639 68.0661 7.17214 -13 4374 1 0 1
48.1281 -109.208 1219.32 4.10163 -5.89744 65.1978 5.79907 -13 4377 1 0 1
126.613 -46.67 1219.32 9.17483 -2.74025 74.4047 6.58752 -13 4379 1 0 1
32.4507 56.8976 1219.32 3.66765 3.19319 71.6517 8.01999 -13 4380 1 0 1
184.172 76.9768 1219.32 11.2777 4.12923 64.6519 6.59263 -13 4384 1 0 1
-15.4029 58.8087 1219.32 0.892927 3.40165 71.4633 8.67558 -13 4391 1 0 1
-20.6923 -41.0394 1219.32 -2.41679 -8.04889 62.8265 6.21997 -13 4392 1 0 1
23.1736 -117.89 1219.32 2.69087 -6.46062 66.8871 7.81237 -13 4394 1 0 1
-45.5476 -82.2524 1219.32 -1.45304 -5.24525 79.2054 8.47811 -13 4404 1 0 1
102.772 -86.7936 1219.32 6.97313 -4.48115 63.7795 8.28513 -13 4406 1 0 1
140.146 -33.0948 1219.32 7.83011 -1.42004 53.9016 7.88625 -13 4409 1 0 1
148.23 -17.2259 1219.32 10.7797 -1.24387 77.2012 6.72798 -13 4411 1 0 1
86.0747 103.179 1219.32 7.6587 6.19546 57.3136 10.6685 -13 4412 1 0 1
129.443 17.8127 1219.32 7.59445 0.861101 56.1618 7.62475 -13 4413 1 0 1
114.752 100.619 1219.32 7.39202 5.10186 61.7209 8.10908 -13 4422 1 0 1
49.1314 -87.6884 1219.32 2.3838 -4.18382 37.8853 12.4205 -13 4423 1 0 1
149.492 -30.2949 1219.32 9.55515 -1.63506 65.3481 7.32771 -13 4425 1 0 1
66.8146 -93.1989 1219.32 5.59303 -5.66682 74.7966 7.8427 -13 4432 1 0 1
1.69318 -96.695 1219.32 1.74523 -4.02092 51.5559 9.59521 -13 4434 1 0 1
4.20897 -54.4541 1219.32 2.07055 -2.69502 60.329 10.0788 -13 4435 1 0 1
81.2042 -63.8249 1219.32 6.58248 -3.94149 73.0623 6.97759 -13 4437 1 0 1
-38.2459 44.2432 1219.32 -0.254578 2.55108 66.6033 8.89444 -13 4438 1 0 1
34.6415 -27.0452 1219.32 5.89885 -6.29608 72.1254 6.22032 -13 4446 1 0 1
174.988 104.411 1219.32 8.98582 4.36943 51.7805 9.5471 -13 4451 1 0 1
149.377 12.4612 1219.32 9.2028 0.606358 62.2067 8.66514 -13 4455 1 0 1
137.846 116.81 1219.32 9.06948 6.50303 68.7539 7.32128 -13 4461 1 0 1
11.0015 85.4623 1219.32 2.21383 5.3949 75.9366 5.48144 -13 4464 1 0 1
101.394 97.9115 1219.32 6.93922 5.08901 64.5081 8.2671 -13 4470 1 0 1
16.024 -48.1392 1219.32 2.52365 -1.8181 46.7064 8.76765 -13 4471 1 0 1
98.9494 -31.3228 1219.32 4.80223 -0.92001 37.9527 11.9491 -13 4472 1 0 1
63.449 -10.0093 1219.32 5.69538 -0.609582 77.7086 7.74734 -13 4475 1 0 1
17.4064 105.328 1219.32 2.5089 6.11018 71.2677 6.37552 -13 4477 1 0 1
39.4212 64.5411 1219.32 4.13145 4.03462 74.0359 6.86779 -13 4479 1 0 1
74.9539 -58.1454 1219.32 -10.0482 5.30465 47.6399 6.55518 -13 4485 1 0 1
40.9492 -157.544 1219.32 0.154622 -8.06901 43.322 10.1754 -13 4492 1 0 1
177.285 -100.483 1219.32 12.3196 -6.12957 74.9665 6.61783 -13 4493 1 0 1
11.1908 -54.6673 1219.32 2.43308 -2.65301 60.8542 8.1772 -13 4500 1 0 1
-31.0942 87.4394 1219.32 0.107859 4.67371 63.0181 7.31985 -13 4501 1 0 1
97.6258 10.895 1219.32 7.25359 0.662952 70.7986 9.45982 -13 4506 1 0 1
78.9717 21.93 1219.32 6.54113 1.29214 74.7783 7.15125 -13 4508 1 0 1
39.0389 -56.3595 1219.32 0.294315 -1.68358 57.4943 8.74905 -13 4510 1 0 1
109.599 106.737 1219.32 7.30616 5.57329 64.9184 8.3182 -13 4514 1 0 1
41.8109 70.2324 1219.32 4.20083 4.06995 71.175 9.41947 -13 4522 1 0 1
152.855 65.5392 1219.32 10.9758 4.00585 76.305 6.96383 -13 4523 1 0 1
143.953 -27.6541 1219.32 9.39176 -1.4388 66.4393 7.50209 -13 4531 1 0 1
165.19 99.5164 1219.32 9.44785 4.75024 57.9948 8.62245 -13 4536 1 0 1
-6.03376 -94.5441 1219.32 1.2558 -5.27046 68.3101 8.86737 -13 4537 1 0 1
20.4084 -121.627 1219.32 2.67536 -7.45778 72.1316 7.10207 -13 4538 1 0 1
25.6486 -104.198 1219.32 2.82761 -4.95058 58.1131 8.643 -13 4541 1 0 1
1.15651 -83.8313 1219.32 1.67388 -4.84334 71.6566 8.35573 -13 4552 1 0 1
11.0718 118.988 1219.32 1.98823 7.69613 79.233 6.90485 -13 4553 1 0 1
184.74 8.70394 1219.32 10.9508 0.379082 62.0615 9.37256 -13 4555 1 0 1
145.289 -119.652 1219.32 7.07878 -4.59139 46.8919 8.40142 -13 4557 1 0 1
137.681 8.7303 1219.32 9.50515 0.456787 70.7401 6.65868 -13 4563 1 0 1
180.86 36.3391 1219.32 11.9554 1.86214 70.9411 6.99038 -13 4565 1 0 1
-11.6645 -65.9839 1219.32 1.14163 -3.54272 68.2217 8.18867 -13 4572 1 0 1
52.4805 -57.9627 1219.32 4.26542 -2.56342 55.646 9.16718 -13 4574 1 0 1
102.437 15.2961 1219.32 6.60412 0.788898 58.9003 7.88844 -13 4577 1 0 1
159.488 -82.2259 1219.32 9.26441 -3.98391 58.3906 8.2565 -13 4578 1 0 1
156.249 -52.7872 1219.32 10.2273 -2.78225 68.1825 8.42118 -13 4579 1 0 1
169.25 84.2055 1219.32 10.8832 4.68718 67.2966 6.65478 -13 4586 1 0 1
161.854 92.8599 1219.32 11.4063 5.54812 75.2257 8.01813 -13 4590 1 0 1
187.481 59.4758 1219.32 11.9795 3.15054 68.4301 6.38591 -13 4595 1 0 1
66.0939 -51.7845 1219.32 5.35045 -2.76995 65.3051 8.77782 -13 4606 1 0 1
22.2863 -87.0016 1219.32 2.89878 -5.38522 77.0893 7.66677 -13 4612 1 0 1
-6.09586 84.1291 1219.32 0.990091 5.61193 79.6648 6.06988 -13 4613 1 0 1
111.526 12.4655 1219.32 7.52164 0.557617 64.9303 8.3772 -13 4622 1 0 1
148.115 -43.5634 1219.32 9.60544 -2.54716 66.1713 8.01509 -13 4624 1 0 1
66.6116 177.371 1219.32 1.49437 7.60963 47.0535 8.86209 -13 4625 1 0 1
175.193 -55.9289 1219.32 11.6871 -3.20538 71.2545 7.87569 -13 4626 1 0 1
114.645 -72.6762 1219.32 7.66345 -3.73876 64.8158 9.61537 -13 4627 1 0 1
79.0136 -33.8073 1219.32 -9.72926 -2.73845 64.9934 7.1486 -13 4628 1 0 1
-38.8216 -16.6766 1219.32 -0.058858 -0.822677 60.7734 9.21441 -13 4630 1 0 1
47.2455 -48.3219 1219.32 4.68918 -3.12922 78.5472 7.09819 -13 4631 1 0 1
99.5981 -77.1673 1219.32 7.19508 -4.43963 68.9482 8.31791 -13 4642 1 0 1
46.0344 -106.627 1219.32 3.2849 -3.81344 43.0367 12.5876 -13 4647 1 0 1
-19.2645 53.7501 1219.32 0.877779 2.68492 62.738 5.81726 -13 4648 1 0 1
147.847 -23.8202 1219.32 10.0042 -1.29396 69.986 7.25588 -13 4649 1 0 1
161.666 -42.3762 1219.32 11.7291 -2.74209 78.7158 8.21566 -13 4653 1 0 1
168.277 37.089 1219.32 9.55846 1.74214 57.6033 8.87531 -13 4658 1 0 1
182.228 -63.6527 1219.32 10.2483 -3.0265 57.91 7.78127 -13 4659 1 0 1
183.9 -53.1529 1219.32 11.4998 -2.87639 66.3325 8.53424 -13 4667 1 0 1
129.296 78.0374 1219.32 9.55425 4.80888 76.6563 7.67857 -13 4678 1 0 1
125.483 101.838 1219.32 9.16488 6.31314 75.4814 8.72164 -13 4680 1 0 1
101.032 9.50726 1219.32 7.33963 0.578762 69.4177 8.05928 -13 4686 1 0 1
144.29 2.45765 1219.32 7.95592 0.118962 53.509 9.32594 -13 4691 1 0 1
97.7923 24.9069 1219.32 7.51522 1.44001 74.9668 6.63579 -13 4694 1 0 1
-0.658993 -49.3882 1219.32 1.86183 -2.45514 60.7281 6.99912 -13 4696 1 0 1
-3.6183 1.50016 1219.32 -0.0652891 0.312092 68.0136 6.99841 -13 4697 1 0 1
163.206 3.90444 1219.32 10.1047 0.0586577 63.8112 7.5986 -13 4702 1 0 1
157.494 -90.964 1219.32 9.28871 -4.46537 59.6627 8.54823 -13 4705 1 0 1
68.6369 54.2512 1219.32 5.34374 2.69005 62.5538 8.842 -13 4706 1 0 1
133.763 -59.2919 1219.32 8.23985 -2.79883 60.3941 7.34876 -13 4707 1 0 1
110.789 -20.8923 1219.32 8.53664 -1.31907 78.9181 5.56585 -13 4708 1 0 1
169.545 5.5595 1219.32 8.76536 0.292567 51.2391 8.84551 -13 4711 1 0 1
-137.039 -83.3349 1219.32 -7.22095 -3.38771 43.0456 10.7577 -13 4712 1 0 1
127.594 90.4046 1219.32 8.84742 5.2552 69.9949 7.2447 -13 4730 1 0 1
142.714 108.612 1219.32 7.46961 4.50985 50.2607 9.84041 -13 4731 1 0 1
170.677 -95.4736 1219.32 11.9046 -5.74466 75.073 6.6643 -13 4733 1 0 1
-101.196 153.579 1219.32 -3.93048 8.93608 47.2392 11.4939 -13 4735 1 0 1
137.983 -55.3566 1219.32 9.97209 -3.27649 75.7278 8.25707 -13 4743 1 0 1
7.2844 -53.1212 1219.32 2.19113 -3.14875 72.8775 6.30368 -13 4744 1 0 1
38.8604 110.834 1219.32 3.60951 6.18436 69.9356 8.2111 -13 4747 1 0 1
186.816 90.2607 1219.32 11.6988 4.75597 66.5757 8.10775 -13 4754 1 0 1
63.5056 -39.5089 1219.32 5.39187 -2.25209 69.8214 6.99404 -13 4765 1 0 1
8.18769 67.5264 1219.32 -36.392 -7.44052 51.1791 7.59955 -13 4781 1 0 1
71.5319 -89.8683 1219.32 5.81359 -5.38828 73.456 6.51881 -13 4782 1 0 1
125.333 -118.469 1219.32 8.92598 -7.17871 74.3912 6.80113 -13 4784 1 0 1
139.263 -109.62 1219.32 8.24805 -5.25165 58.8284 8.79429 -13 4787 1 0 1
109.743 -10.6359 1219.32 8.4861 -0.613409 78.6911 9.36674 -13 4790 1 0 1
165.508 -78.0822 1219.32 11.2803 -4.87313 72.4134 8.22496 -13 4802 1 0 1
33.4904 67.7616 1219.32 3.68383 3.77966 70.0715 7.79295 -13 4805 1 0 1
112.339 101.799 1219.32 7.72636 5.59339 67.5198 6.89811 -13 4814 1 0 1
74.4139 22.7327 1219.32 5.70437 1.11698 63.4132 9.00287 -13 4816 1 0 1
74.2462 3.83675 1219.32 6.03376 0.14727 70.3742 7.25024 -13 4829 1 0 1
94.6614 78.8296 1219.32 5.2188 5.77948 47.7063 9.43145 -13 4833 1 0 1
132.65 -53.222 1219.32 9.70524 -3.13318 76.0592 8.77482 -13 4834 1 0 1
164.419 91.6316 1219.32 6.59297 2.70668 36.5768 12.4962 -13 4835 1 0 1
77.4874 -51.3233 1219.32 5.8882 -2.75287 64.3601 6.82385 -13 4839 1 0 1
86.2665 107.792 1219.32 8.40275 5.78425 62.9308 8.0104 -13 4840 1 0 1
100.364 -115.521 1219.32 6.34697 -5.5654 59.7208 9.59664 -13 4842 1 0 1
163.514 95.6089 1219.32 10.5058 5.37516 66.6717 6.70571 -13 4848 1 0 1
113.162 110.321 1219.32 7.19925 5.53602 61.0962 6.38949 -13 4849 1 0 1
52.0601 -88.043 1219.32 4.26856 -4.36068 60.6663 10.8358 -13 4851 1 0 1
11.2791 63.6082 1219.32 2.41875 3.28431 63.1268 6.74892 -13 4854 1 0 1
82.2546 87.2067 1219.32 6.72394 5.45448 78.624 9.04793 -13 4855 1 0 1
183.508 -125.123 1219.32 10.8476 -6.53307 62.7725 7.59651 -13 4858 1 0 1
181.875 106.446 1219.32 11.5904 5.84499 68.0416 9.70283 -13 4860 1 0 1
107.847 -67.885 1219.32 7.89385 -4.04973 72.2251 8.2837 -13 4861 1 0 1
105.01 95.3411 1219.32 6.5618 4.46327 57.3666 10.0922 -13 4863 1 0 1
-43.4036 -64.1194 1219.32 14.7552 30.1569 36.6088 7.12405 -13 4864 1 0 1
185.888 -60.3073 1219.32 11.964 -3.59288 69.0021 8.8967 -13 4865 1 0 1
172.806 17.0872 1219.32 10.9861 0.953382 66.7703 7.5302 -13 4869 1 0 1
85.4814 104.88 1219.32 4.72359 3.77949 44.5116 9.17061 -13 4874 1 0 1
-46.1703 20.0611 1219.32 -1.26165 1.22055 78.0975 7.08247 -13 4875 1 0 1
41.971 -93.9087 1219.32 4.01534 -5.50312 72.097 10.2454 -13 4876 1 0 1
74.0237 71.0152 1219.32 5.98567 4.08365 69.496 7.8698 -13 4883 1 0 1
80.4019 -66.548 1219.32 5.7767 -3.32419 59.5848 8.73642 -13 4884 1 0 1
131.99 41.9665 1219.32 8.4404 2.15606 63.3515 7.10898 -13 4888 1 0 1
80.1676 82.54 1219.32 5.27869 3.65425 54.041 7.91697 -13 4892 1 0 1
-29.7631 -85.0901 1219.32 -0.455503 -6.25961 52.7816 9.79092 -13 4894 1 0 1
51.7175 -88.4471 1219.32 4.36821 -4.59405 64.7972 9.05257 -13 4896 1 0 1
66.2526 -29.037 1219.32 9.17963 -5.28008 59.0444 8.42119 -13 4898 1 0 1
159.976 -119.875 1219.32 9.29909 -5.90455 60.0427 9.44464 -13 4904 1 0 1
79.025 43.6859 1219.32 6.34377 2.64896 70.6338 5.97059 -13 4906 1 0 1
60.9437 35.6047 1219.32 5.54187 2.20107 77.612 6.77708 -13 4909 1 0 1
65.032 31.8853 1219.32 5.2512 1.59803 64.575 8.9773 -13 4912 1 0 1
150.035 8.75278 1219.32 9.58704 0.675797 65.4089 7.57828 -13 4916 1 0 1
114.185 106.524 1219.32 6.66771 4.67737 55.0903 9.90043 -13 4918 1 0 1
153.196 64.3264 1219.32 10.0994 3.46815 68.1174 8.09953 -13 4921 1 0 1
68.0868 -25.4499 1219.32 5.96056 -1.61782 77.3109 5.4203 -13 4924 1 0 1
185.732 -27.6528 1219.32 12.6218 -1.6998 73.9429 7.09795 -13 4927 1 0 1
58.2065 93.422 1219.32 5.11414 5.90621 77.1773 7.39207 -13 4930 1 0 1
101.213 -68.7012 1219.32 6.69682 -3.40848 60.9821 8.776 -13 4944 1 0 1
180.59 -15.9906 1219.32 11.5779 -0.776794 68.2447 7.79642 -13 4949 1 0 1
17.6827 61.8825 1219.32 2.80211 3.64591 70.4089 5.1032 -13 4959 1 0 1
175.17 -35.6825 1219.32 11.1862 -2.05708 67.6143 8.45448 -13 4962 1 0 1
128.595 28.4598 1219.32 8.95248 1.69528 70.2492 8.91057 -13 4966 1 0 1
122.008 -99.4581 1219.32 8.21783 -5.35939 67.1125 7.38679 -13 4977 1 0 1
139.297 24.8928 1219.32 8.41743 1.26034 59.6569 8.94676 -13 4990 1 0 1
70.4728 -64.6653 1219.32 5.25266 -3.11519 58.7124 7.69074 -13 4994 1 0 1
126.024 -13.2835 1219.32 8.96949 -0.748832 72.4717 9.76604 -13 4999 1 0 1
