#BLTrackFile NTuple/Z1026
#x y z Px Py Pz t PDGid EventID TrackID ParentID Weight
#mm mm mm MeV/c MeV/c MeV/c ns - - - - -
-115.448 -17.2737 1025.5 -10.513 -1.7051 80.353 5.5974 -13 2 1 0 1
-106.389 106.507 1025.5 -9.30887 8.2052 78.1173 6.84083 -13 9 1 0 1
-22.0509 132.771 1025.5 -2.67559 10.1667 78.2754 4.82156 -13 13 1 0 1
-147.041 -102.923 1025.5 -12.684 -8.03481 79.8173 7.14988 -13 15 1 0 1
-136.111 -81.7921 1025.5 -11.368 -6.34081 78.8083 5.30563 -13 21 1 0 1
-95.0725 -56.1456 1025.5 -8.67428 -4.25055 79.6958 5.96115 -13 25 1 0 1
-154.927 -36.6773 1025.5 -13.0787 -2.58271 78.3599 7.19486 -13 27 1 0 1
-115.011 -122.026 1025.5 -10.3048 -9.5682 79.9384 5.93549 -13 28 1 0 1
-91.7611 -58.9052 1025.5 -8.09089 -4.55075 79.9991 6.48996 -13 33 1 0 1
-96.1296 -156.365 1025.5 -8.33471 -12.3371 78.9226 3.94893 -13 39 1 0 1
-139.914 113.541 1025.5 -11.9195 8.66759 78.3942 5.58009 -13 41 1 0 1
-10.541 -90.4268 1025.5 -1.61166 -7.00232 79.9149 6.60621 -13 45 1 0 1
-104.614 13.3107 1025.5 -9.23146 0.971222 80.3547 3.26272 -13 53 1 0 1
-108.053 -4.19979 1025.5 -9.23344 -0.463171 78.9406 5.97551 -13 57 1 0 1
-151.069 120.063 1025.5 -12.7163 9.29054 78.0055 4.90277 -13 61 1 0 1
-136.042 39.8575 1025.5 -11.7334 3.03916 79.3838 4.22296 -13 65 1 0 1
-110.956 -27.9436 1025.5 -9.73111 -2.06504 79.6478 4.96739 -13 67 1 0 1
-108.457 115.201 1025.5 -9.44329 8.89979 78.4797 5.97159 -13 74 1 0 1
-106.09 26.309 1025.5 -9.71233 2.023 79.2349 3.96827 -13 76 1 0 1
-101.679 14.3771 1025.5 -8.93161 1.12938 79.5739 5.65447 -13 92 1 0 1
-137.492 111.298 1025.5 -11.7244 8.59407 78.6856 6.25115 -13 99 1 0 1
-92.0005 -106.388 1025.5 -8.32389 -8.07842 79.0261 4.8594 -13 100 1 0 1
-59.3717 138.605 1025.5 -5.68385 10.9111 78.1231 3.32471 -13 103 1 0 1
-72.5338 153.364 1025.5 -6.82017 12.2243 79.7392 4.8968 -13 108 1 0 1
-94.6824 60.2697 1025.5 -8.50761 4.63477 79.6022 5.63159 -13 114 1 0 1
-104.271 115.353 1025.5 -9.1278 9.02435 79.5591 5.52062 -13 115 1 0 1
-89.8961 -66.1581 1025.5 -8.864 -5.21101 79.1141 5.34978 -13 117 1 0 1
-57.5405 83.1806 1025.5 -5.64752 6.67231 80.5482 5.1581 -13 129 1 0 1
-135.485 55.463 1025.5 -11.3988 4.44471 78.2953 6.32314 -13 130 1 0 1
-93.0813 -134.008 1025.5 -8.41008 -10.5303 79.586 4.35814 -13 133 1 0 1
-109.382 71.5202 1025.5 -16.3326 6.31907 77.6714 6.13484 -13 134 1 0 1
-132.807 58.1932 1025.5 -11.4356 4.29766 78.2493 6.59497 -13 135 1 0 1
-121.035 37.432 1025.5 -10.4524 2.76412 79.3357 5.71355 -13 136 1 0 1
-87.2799 -95.3031 1025.5 -7.5922 -7.21072 78.7338 5.74046 -13 138 1 0 1
-114.809 -67.2085 1025.5 -9.69697 -5.12214 78.2254 6.28876 -13 139 1 0 1
-103.021 28.8436 1025.5 -9.07433 2.42483 79.9681 5.51039 -13 141 1 0 1
28.6372 75.3613 1025.5 -0.627466 6.07227 80.0478 7.55981 -13 142 1 0 1
45.2116 -72.3341 1025.5 0.0665452 -5.44273 79.5114 5.88156 -13 146 1 0 1
-10.2702 71.5006 1025.5 -7.04605 5.68853 77.8736 5.63445 -13 160 1 0 1
-130.429 97.6324 1025.5 -11.1005 7.5538 79.0065 4.99547 -13 162 1 0 1
-96.0836 -56.905 1025.5 -8.68314 -4.60499 79.7944 5.61376 -13 164 1 0 1
-129.265 -110.135 1025.5 -11.1117 -8.45025 78.7534 6.20706 -13 167 1 0 1
-156.063 -87.8069 1025.5 -13.0503 -6.65526 78.3764 5.00818 -13 178 1 0 1
-90.4373 -49.1339 1025.5 -8.02706 -3.9874 80.6026 5.03339 -13 187 1 0 1
-137.578 41.628 1025.5 -11.7032 3.22372 78.6259 7.84573 -13 195 1 0 1
-145.299 -53.2662 1025.5 -12.8358 -4.38243 79.5722 8.16193 -13 196 1 0 1
-135.965 110.157 1025.5 -11.3942 8.47366 77.5607 6.28181 -13 200 1 0 1
-119.223 -43.3219 1025.5 -10.3506 -3.45157 79.1032 4.70181 -13 202 1 0 1
-147.299 -13.0697 1025.5 -12.5837 -1.13821 79.419 5.82154 -13 203 1 0 1
-143.684 -93.1968 1025.5 -11.9755 -7.45367 78.5352 3.77127 -13 204 1 0 1
-122.09 33.0119 1025.5 -10.4881 2.36308 78.9955 6.95599 -13 205 1 0 1
-133.03 -13.5588 1025.5 -11.3801 -1.01448 77.765 6.79551 -13 216 1 0 1
124.436 2.19551 1025.5 8.6488 0.386093 79.1073 4.55749 -13 217 1 0 1
-154.284 70.9187 1025.5 -13.0942 5.32581 78.2497 8.04754 -13 220 1 0 1
-133.761 99.7509 1025.5 -11.5579 7.76584 80.424 6.4941 -13 221 1 0 1
-64.6652 104.873 1025.5 -5.92491 8.14458 78.7566 5.00781 -13 225 1 0 1
-124.747 35.9235 1025.5 -10.7639 2.76238 78.8603 6.48761 -13 232 1 0 1
-155.437 84.1803 1025.5 -13.2653 6.54031 79.0796 5.03712 -13 234 1 0 1
-153.118 -1.81697 1025.5 -13.1539 -0.311701 79.0254 5.93934 -13 235 1 0 1
-23.9916 155.318 1025.5 -2.91249 12.1953 79.8149 5.203 -13 240 1 0 1
-112.743 61.4489 1025.5 -9.60206 4.77414 78.6505 6.30674 -13 241 1 0 1
-80.0467 120.641 1025.5 -7.58665 9.80329 80.6347 4.90396 -13 245 1 0 1
-3.57229 70.6967 1025.5 -5.56004 5.28685 77.5472 4.77476 -13 249 1 0 1
-84.5212 71.7728 1025.5 -13.4011 5.99444 79.8446 4.57439 -13 251 1 0 1
-35.5769 127.143 1025.5 -3.88178 10.253 81.6276 5.04565 -13 254 1 0 1
-144.07 -155.919 1025.5 -12.0858 -12.0771 78.0663 5.43941 -13 257 1 0 1
-136.92 78.7197 1025.5 -11.7081 6.07966 78.9137 4.55151 -13 261 1 0 1
-90.0166 -48.7553 1025.5 -8.46828 -3.86262 79.0819 4.18523 -13 263 1 0 1
-123.109 31.8935 1025.5 -10.8883 2.37692 80.2297 6.2199 -13 266 1 0 1
-155.823 -112.001 1025.5 -13.4807 -8.87934 79.2938 4.87269 -13 271 1 0 1
-151.63 -95.2323 1025.5 -12.8935 -7.43956 78.9389 7.28673 -13 272 1 0 1
-116.739 -104.714 1025.5 -9.95896 -8.26917 79.0592 5.25548 -13 276 1 0 1
-98.7228 77.8914 1025.5 -8.80347 5.97592 79.3119 5.90676 -13 280 1 0 1
-130.73 -43.6038 1025.5 -11.3798 -3.27469 79.2978 4.38039 -13 281 1 0 1
-125.374 132.007 1025.5 -10.7514 10.401 79.1169 4.83788 -13 282 1 0 1
-9.94573 -115.299 1025.5 -1.79618 -8.99204 79.2766 4.04727 -13 283 1 0 1
-126.788 25.7781 1025.5 -10.9486 1.95444 78.7952 5.7704 -13 295 1 0 1
-90.798 -113.77 1025.5 -8.21704 -8.69068 77.8756 5.33851 -13 310 1 0 1
-115.969 11.4095 1025.5 -10.1107 1.07824 79.1987 4.18545 -13 315 1 0 1
-104.393 -56.915 1025.5 -9.40059 -4.17209 79.1144 5.87661 -13 323 1 0 1
-112.914 -40.0664 1025.5 -10.1871 -3.0161 80.1135 4.7593 -13 330 1 0 1
-97.419 17.238 1025.5 -8.57129 1.44407 79.3973 9.63072 -13 333 1 0 1
-134.864 -85.3786 1025.5 -11.5866 -6.49332 77.9953 5.0255 -13 336 1 0 1
-110.458 -130.078 1025.5 -9.4596 -9.89396 77.7331 6.02213 -13 339 1 0 1
-132.213 -40.7203 1025.5 -11.7203 -3.38786 80.3097 5.53965 -13 341 1 0 1
-107.996 -91.6005 1025.5 -9.55943 -7.38313 79.5557 5.22589 -13 343 1 0 1
-151.975 -31.176 1025.5 -13.0509 -2.32635 79.6136 4.75268 -13 345 1 0 1
-144.332 -82.2029 1025.5 -12.2713 -6.29465 78.5194 6.41847 -13 350 1 0 1
-68.1086 119.593 1025.5 -6.37548 9.48174 79.3262 5.86172 -13 356 1 0 1
-45.1962 -94.7802 1025.5 -4.69968 -7.31149 79.1651 5.83789 -13 364 1 0 1
-107.661 64.3624 1025.5 -9.35012 5.11016 79.1955 3.65588 -13 365 1 0 1
-99.7185 -54.9474 1025.5 -8.68808 -4.30282 79.2233 7.77331 -13 366 1 0 1
-154.093 100.355 1025.5 -12.8808 7.78305 77.7499 4.57598 -13 369 1 0 1
-54.5665 -75.2852 1025.5 -8.26655 -6.32098 80.2045 6.74642 -13 377 1 0 1
-71.2685 75.9041 1025.5 -9.39728 6.38217 78.3662 6.77323 -13 381 1 0 1
-108.101 -115.246 1025.5 -9.59563 -8.90933 78.549 5.31553 -13 382 1 0 1
-139.132 31.4692 1025.5 -11.988 2.38829 79.0937 7.54981 -13 386 1 0 1
-148.145 -11.1065 1025.5 -12.5624 -0.75799 78.7622 6.66104 -13 389 1 0 1
-63.3684 73.1425 1025.5 -10.1953 6.09393 79.6505 5.29742 -13 391 1 0 1
-131.672 -55.6284 1025.5 -11.2165 -4.18363 78.2315 6.91138 -13 397 1 0 1
-58.9339 -74.3206 1025.5 -9.09195 -6.16314 79.0552 6.46458 -13 398 1 0 1
-156.059 58.1868 1025.5 -13.1344 4.79072 78.3454 5.6294 -13 400 1 0 1
-110.371 -72.7437 1025.5 -9.82361 -5.60965 79.211 5.39277 -13 401 1 0 1
-134.155 -87.6616 1025.5 -11.4932 -6.85983 79.2103 5.3079 -13 402 1 0 1
-127.721 -14.5292 1025.5 -11.0833 -1.01859 79.2212 6.89326 -13 407 1 0 1
-93.4234 48.0535 1025.5 -10.4701 4.03319 79.694 7.36284 -13 408 1 0 1
-133.225 44.025 1025.5 -11.5393 3.43025 79.7457 5.90701 -13 409 1 0 1
-141.476 67.8908 1025.5 -11.8964 5.25965 77.8232 6.0099 -13 415 1 0 1
-123.791 -85.1799 1025.5 -10.3498 -6.29682 76.9182 5.54164 -13 417 1 0 1
-127.695 54.2537 1025.5 -10.9581 4.19025 78.4076 6.15629 -13 419 1 0 1
-80.6776 88.9024 1025.5 -7.21866 7.1003 79.5655 6.85882 -13 420 1 0 1
-84.6518 130.278 1025.5 -7.61131 10.0682 77.7177 5.15273 -13 427 1 0 1
-136.928 117.001 1025.5 -11.6531 9.23185 78.5351 5.75421 -13 434 1 0 1
82.6202 -62.0257 1025.5 5.41428 -4.96813 80.1475 6.60933 -13 435 1 0 1
17.4192 88.3902 1025.5 0.509485 7.10981 79.4124 5.77528 -13 436 1 0 1
-130.642 -118.571 1025.5 -11.2856 -9.06857 78.8555 4.49628 -13 439 1 0 1
-75.0482 98.403 1025.5 -7.03073 7.85429 80.6029 5.74373 -13 440 1 0 1
-155.028 24.4528 1025.5 -12.9486 1.80526 78.391 5.41802 -13 449 1 0 1
-148.062 23.1831 1025.5 -13.04 1.67883 80.1456 5.65152 -13 451 1 0 1
-146.103 -93.0719 1025.5 -12.6756 -7.39648 80.2764 6.64999 -13 452 1 0 1
-101.759 -78.4578 1025.5 -8.91267 -6.22283 78.6363 5.78814 -13 455 1 0 1
-90.7127 59.1989 1025.5 -8.9164 4.65738 81.0141 7.19555 -13 459 1 0 1
-136.661 134.951 1025.5 -11.5597 10.4211 78.0783 5.98209 -13 466 1 0 1
-142.336 -129.976 1025.5 -12.0011 -10.1986 78.1869 4.81014 -13 468 1 0 1
-82.3604 -80.4196 1025.5 -7.66648 -6.18062 78.834 5.14802 -13 470 1 0 1
-148.923 83.8859 1025.5 -12.5405 6.46609 78.9843 6.78671 -13 471 1 0 1
-129.086 109.409 1025.5 -11.3461 8.52092 80.4647 4.2755 -13 477 1 0 1
-133.037 7.73035 1025.5 -11.3504 0.666807 80.3457 6.07793 -13 481 1 0 1
-146.4 12.3521 1025.5 -12.4795 0.770706 79.9983 5.93678 -13 482 1 0 1
-133.655 -85.846 1025.5 -10.8432 -7.86973 67.3671 6.23104 -13 487 1 0 1
-143.37 -0.0751189 1025.5 -12.0434 -0.0748161 79.0701 5.66441 -13 494 1 0 1
-101.912 -95.8131 1025.5 -8.94028 -7.56992 80.0799 5.8219 -13 496 1 0 1
-131.304 97.2547 1025.5 -11.1525 7.31235 78.2992 4.82109 -13 499 1 0 1
-27.9652 -101.462 1025.5 -3.21703 -8.20992 80.6904 4.39212 -13 500 1 0 1
-144.948 -68.484 1025.5 -12.228 -5.14993 78.0263 6.6494 -13 508 1 0 1
-90.8583 -89.178 1025.5 -8.31971 -6.90299 79.163 5.64767 -13 509 1 0 1
-28.27 88.4044 1025.5 -3.25407 7.10546 80.3498 6.65085 -13 513 1 0 1
-86.5635 82.7961 1025.5 -7.97373 6.74483 79.5203 3.63302 -13 516 1 0 1
-123.074 -93.3028 1025.5 -10.7804 -7.36778 78.9496 4.5117 -13 517 1 0 1
-115.817 145.804 1025.5 -9.92277 11.1856 78.5235 6.25127 -13 525 1 0 1
-148.904 17.6239 1025.5 -12.6811 1.36046 78.8993 5.00761 -13 530 1 0 1
-115.942 -38.1836 1025.5 -9.69568 -2.81685 76.843 8.89554 -13 533 1 0 1
-110.577 144.191 1025.5 -9.85347 11.3309 80.58 5.64853 -13 538 1 0 1
-95.7406 -73.2314 1025.5 -11.1307 -6.01526 79.1105 6.97828 -13 540 1 0 1
-106.576 27.6447 1025.5 -9.47029 2.23914 79.3507 5.59478 -13 542 1 0 1
-138.146 -109.611 1025.5 -11.8638 -8.63809 78.8496 5.10299 -13 543 1 0 1
-96.338 77.534 1025.5 -8.67073 6.05036 79.8961 5.98068 -13 544 1 0 1
75.1317 -89.6539 1025.5 4.86625 -6.97305 79.5838 6.01849 -13 546 1 0 1
-71.3257 99.6522 1025.5 -6.60994 7.85383 78.2403 7.89301 -13 548 1 0 1
-113.433 -33.6194 1025.5 -9.77096 -2.39473 78.1829 8.18596 -13 549 1 0 1
-100.834 69.2309 1025.5 -9.05771 5.3433 78.4403 6.87537 -13 555 1 0 1
-74.3361 -75.6261 1025.5 -9.21341 -6.2137 78.7265 8.02159 -13 557 1 0 1
-123.524 -18.6997 1025.5 -10.6101 -1.54261 77.3539 5.34077 -13 564 1 0 1
-92.5278 -119.325 1025.5 -8.25375 -9.24805 79.4075 3.15126 -13 570 1 0 1
-153.816 -93.6407 1025.5 -13.2657 -7.40907 79.2695 5.46261 -13 572 1 0 1
-121.202 -142.877 1025.5 -10.5467 -11.1452 79.2134 5.34645 -13 579 1 0 1
-147.927 70.932 1025.5 -12.517 5.35999 78.5365 5.68959 -13 581 1 0 1
-136.203 -52.2104 1025.5 -11.6417 -4.14318 78.1887 3.5816 -13 585 1 0 1
-104.411 99.1763 1025.5 -9.32877 7.88856 79.7089 3.4451 -13 588 1 0 1
-129.121 -16.8471 1025.5 -11.0576 -1.17241 78.2553 6.21413 -13 595 1 0 1
-11.4742 86.7749 1025.5 -1.79285 6.84405 80.263 7.30783 -13 596 1 0 1
-139.913 -122.877 1025.5 -11.8491 -9.42931 78.0008 6.8453 -13 601 1 0 1
-147.067 103.656 1025.5 -12.4215 7.97188 79.3855 5.73404 -13 604 1 0 1
124.225 99.0656 1025.5 8.80967 7.833 79.99 6.17993 -13 608 1 0 1
-125.882 73.5234 1025.5 -23.4586 7.34907 76.1657 6.95746 -13 613 1 0 1
-120.007 67.3288 1025.5 -10.7992 5.41444 80.4214 5.36974 -13 616 1 0 1
-132.871 -90.5786 1025.5 -11.3424 -6.78289 78.5556 6.33937 -13 621 1 0 1
-156.287 -64.8675 1025.5 -13.2346 -4.97835 79.3689 5.97627 -13 622 1 0 1
-153.781 31.6396 1025.5 -13.1571 2.33929 78.9012 8.1119 -13 626 1 0 1
-90.1708 48.9243 1025.5 -8.23277 3.82967 79.8971 4.77247 -13 633 1 0 1
-128.211 -53.7991 1025.5 -11.1656 -4.23004 78.7431 5.75971 -13 637 1 0 1
-95.3951 -24.5153 1025.5 -8.31241 -1.86623 78.7238 5.62067 -13 638 1 0 1
-81.338 -96.2743 1025.5 -7.53212 -7.5303 79.6339 3.65835 -13 639 1 0 1
-90.939 42.9282 1025.5 -8.01462 3.30503 78.5953 3.45354 -13 640 1 0 1
-136.706 -112.856 1025.5 -11.578 -8.69641 77.7889 4.39363 -13 641 1 0 1
-123.429 -114.918 1025.5 -10.7496 -8.96959 79.9036 6.60699 -13 645 1 0 1
-110.186 90.9864 1025.5 -9.62996 6.93454 77.9314 6.17752 -13 651 1 0 1
-89.2951 -53.5362 1025.5 -9.25806 -4.49746 81.8009 5.03651 -13 654 1 0 1
-142.777 -36.8669 1025.5 -12.1227 -2.78592 78.0357 4.15746 -13 660 1 0 1
-57.0421 -101.294 1025.5 -5.42996 -8.09064 79.9811 6.2356 -13 668 1 0 1
35.3605 85.5696 1025.5 1.60664 6.60247 78.3899 7.17912 -13 672 1 0 1
-96.0871 107.451 1025.5 -8.41823 8.1133 76.7143 6.56936 -13 674 1 0 1
-93.4386 -75.8064 1025.5 -10.9826 -6.20917 77.015 6.69279 -13 677 1 0 1
-70.9851 146.518 1025.5 -6.56564 11.4159 77.6147 7.72414 -13 683 1 0 1
-133.6 -65.3077 1025.5 -11.4785 -5.04418 78.974 5.40256 -13 684 1 0 1
88.8649 -95.5776 1025.5 5.75846 -7.67973 80.0837 3.90555 -13 685 1 0 1
-117.311 -8.48805 1025.5 -10.1831 -0.803329 78.3821 3.69121 -13 691 1 0 1
-103.505 -53.6933 1025.5 -9.13878 -4.3717 78.9203 4.67035 -13 692 1 0 1
-138.621 -23.9128 1025.5 -11.6427 -2.16459 77.7502 7.48519 -13 693 1 0 1
-104.847 -88.4724 1025.5 -8.97849 -6.85256 78.5431 6.62931 -13 695 1 0 1
-126.166 -11.9446 1025.5 -10.9995 -0.916715 79.6664 5.94445 -13 696 1 0 1
-98.2267 -49.8975 1025.5 -8.68715 -3.84099 80.4789 4.80461 -13 699 1 0 1
-109.581 103.005 1025.5 -9.79023 8.22175 79.8809 6.94074 -13 701 1 0 1
-94.6131 65.1112 1025.5 -10.8933 5.35812 78.672 6.91447 -13 702 1 0 1
-140.068 0.202345 1025.5 -11.8436 0.169572 78.6504 5.16258 -13 704 1 0 1
-123.364 -31.6733 1025.5 -10.5822 -2.55926 79.0213 7.02809 -13 705 1 0 1
-145.512 -0.802633 1025.5 -12.1605 -0.259199 78.5069 4.65456 -13 710 1 0 1
-44.272 125.807 1025.5 -4.4756 9.67467 79.2022 5.27892 -13 711 1 0 1
-111.026 -52.1029 1025.5 -9.64171 -4.24133 79.3292 7.24686 -13 714 1 0 1
-149.081 -131.782 1025.5 -12.6268 -10.0193 77.5803 5.6433 -13 721 1 0 1
-103.964 -86.7199 1025.5 -9.22579 -6.88321 80.1529 4.03828 -13 722 1 0 1
-131.793 125.427 1025.5 -11.4387 9.6018 78.5642 7.68365 -13 724 1 0 1
-108.133 -112.891 1025.5 -9.53652 -8.91624 79.9103 4.60179 -13 726 1 0 1
1.02016 99.8098 1025.5 -0.889007 7.585 78.3379 4.44437 -13 735 1 0 1
-137.254 -82.8245 1025.5 -11.7824 -6.30894 79.3415 4.46995 -13 739 1 0 1
68.6293 -110.697 1025.5 4.47325 -8.56015 79.7368 7.21198 -13 741 1 0 1
-127.302 150.047 1025.5 -10.8544 11.1956 76.3185 7.74313 -13 745 1 0 1
-148.845 76.1534 1025.5 -12.6222 6.02197 79.3822 5.61833 -13 751 1 0 1
-126.189 144.438 1025.5 -10.9249 11.289 78.3092 4.64605 -13 756 1 0 1
-63.6087 -94.4537 1025.5 -5.96933 -7.35704 79.8121 4.45055 -13 757 1 0 1
-109.183 -61.6591 1025.5 -9.45098 -4.7746 78.5253 5.83317 -13 760 1 0 1
-107.025 -50.9091 1025.5 -9.29705 -3.80807 78.0157 6.3544 -13 761 1 0 1
-112.474 71.3557 1025.5 -9.71958 5.77409 79.5427 4.58715 -13 762 1 0 1
16.5608 121.808 1025.5 0.18821 9.72676 79.6689 6.86176 -13 763 1 0 1
-134.784 16.7953 1025.5 -11.64 1.33961 78.8362 3.05092 -13 764 1 0 1
-86.6343 -102.387 1025.5 -7.62196 -8.07195 79.4247 4.34632 -13 766 1 0 1
-134.178 -56.9023 1025.5 -11.3803 -4.43114 78.2094 5.21196 -13 767 1 0 1
-120.243 -7.37697 1025.5 -10.6236 -0.533564 78.8602 6.15703 -13 773 1 0 1
-39.548 -124.37 1025.5 -4.1592 -9.8111 79.1853 5.53652 -13 775 1 0 1
-119.477 127.725 1025.5 -10.3086 9.91895 78.8261 8.15704 -13 776 1 0 1
-28.5516 150.817 1025.5 -3.22412 11.9901 79.457 8.16674 -13 778 1 0 1
-97.9793 24.682 1025.5 -8.88237 1.98195 80.8445 4.63389 -13 780 1 0 1
-90.7972 -31.943 1025.5 -8.24886 -2.43382 78.8656 6.59506 -13 783 1 0 1
-104.608 -138.358 1025.5 -9.01698 -10.7144 77.9383 4.62153 -13 787 1 0 1
-103.671 -40.7695 1025.5 -9.37641 -3.40526 80.3628 6.00227 -13 789 1 0 1
-43.1863 -151.365 1025.5 -4.45188 -11.914 78.8169 7.64476 -13 790 1 0 1
-95.1469 15.5731 1025.5 -8.41432 1.11712 79.2517 7.36654 -13 793 1 0 1
-138.133 93.4208 1025.5 -12.1585 7.21031 81.1103 7.77318 -13 801 1 0 1
66.0463 19.8009 1025.5 3.54716 1.59243 80.4191 5.02903 -13 804 1 0 1
-21.2577 155.47 1025.5 -2.61576 12.3096 79.9281 5.10149 -13 805 1 0 1
-99.4739 46.5763 1025.5 -8.72708 3.53141 78.4075 6.62328 -13 806 1 0 1
-110.542 -126.165 1025.5 -9.60104 -9.77155 79.2869 7.52777 -13 812 1 0 1
-95.0985 56.2875 1025.5 -10.8519 4.63923 78.0796 3.57386 -13 815 1 0 1
-106.342 -22.571 1025.5 -9.2263 -1.74103 79.6192 3.8559 -13 817 1 0 1
6.79188 137.864 1025.5 -0.351703 10.8374 79.2706 6.02697 -13 819 1 0 1
-124.481 -43.5129 1025.5 -10.8541 -3.43357 79.5141 5.86242 -13 825 1 0 1
-33.755 -122.917 1025.5 -3.79246 -9.26908 78.3161 6.68211 -13 837 1 0 1
-138.175 77.4425 1025.5 -11.977 5.84731 79.1309 4.29582 -13 838 1 0 1
-145.076 58.0676 1025.5 -12.3339 4.45336 78.7602 8.04961 -13 840 1 0 1
-115.193 63.8201 1025.5 -9.94296 4.91182 78.1542 6.53231 -13 844 1 0 1
-94.6812 94.1056 1025.5 -8.50786 7.48846 79.948 6.54511 -13 845 1 0 1
-128.7 -139.026 1025.5 -10.8072 -10.5514 77.93 6.06049 -13 846 1 0 1
-147.97 -102.094 1025.5 -12.6432 -7.72471 79.6121 4.41641 -13 847 1 0 1
-129.974 -20.7748 1025.5 -11.1836 -1.54245 77.3084 6.21424 -13 852 1 0 1
-144.493 59.4491 1025.5 -12.2255 4.65977 78.2314 5.57285 -13 862 1 0 1
-70.3029 142.327 1025.5 -6.40609 10.9107 76.8097 5.65708 -13 866 1 0 1
-47.2604 -85.8062 1025.5 -4.78295 -6.80134 79.4691 6.33673 -13 870 1 0 1
-131.086 22.9437 1025.5 -11.4581 1.68488 79.6041 4.52225 -13 873 1 0 1
-107.763 -66.1314 1025.5 -9.44783 -5.18088 79.4694 7.39407 -13 881 1 0 1
-152.812 -60.7739 1025.5 -13.2372 -4.96745 79.1175 7.96387 -13 886 1 0 1
-146.465 -1.43023 1025.5 -12.4652 -0.279468 79.539 5.5959 -13 888 1 0 1
-147.26 -81.7498 1025.5 -12.8261 -6.34436 79.7074 5.54965 -13 894 1 0 1
-123.804 -86.5101 1025.5 -10.5781 -6.64432 78.325 3.81293 -13 897 1 0 1
-97.6909 121.991 1025.5 -8.75022 9.68225 79.8487 4.83383 -13 898 1 0 1
-89.7177 71.6194 1025.5 -8.36251 5.78413 79.5068 5.25417 -13 899 1 0 1
-90.7355 -140.594 1025.5 -8.02644 -10.8342 77.4353 7.57933 -13 904 1 0 1
-116.915 90.2794 1025.5 -10.3345 6.94777 79.7213 5.84878 -13 907 1 0 1
-153.218 107.539 1025.5 -12.6313 8.29294 77.4344 4.96673 -13 911 1 0 1
5.09114 141.871 1025.5 -0.722145 10.6479 77.7636 4.80482 -13 912 1 0 1
-133.113 -68.4528 1025.5 -11.4144 -5.21121 78.872 4.70448 -13 915 1 0 1
-136.885 125.407 1025.5 -11.5197 9.77032 78.5155 5.31838 -13 917 1 0 1
-31.1225 99.0626 1025.5 -3.27236 7.77398 79.9248 4.89373 -13 929 1 0 1
-130.245 107.162 1025.5 -11.1826 8.34068 77.9945 6.64779 -13 933 1 0 1
-156.618 37.5271 1025.5 -13.1964 2.98215 78.6439 5.53351 -13 940 1 0 1
-48.5137 139.051 1025.5 -4.74896 10.6811 78.0033 4.82105 -13 946 1 0 1
-0.629825 -90.5479 1025.5 -1.08355 -6.99824 79.4142 6.13114 -13 951 1 0 1
-105.169 -74.9872 1025.5 -9.27024 -5.86046 79.408 8.19634 -13 952 1 0 1
-135.205 -64.6935 1025.5 -11.5744 -4.91666 79.4507 5.71984 -13 961 1 0 1
-21.7329 -129.601 1025.5 -2.89767 -10.423 79.3323 7.55092 -13 963 1 0 1
-149.667 -125.498 1025.5 -12.7488 -9.77558 78.6623 7.01837 -13 965 1 0 1
-86.7942 -92.1835 1025.5 -7.8339 -7.20334 78.485 5.52829 -13 970 1 0 1
-67.9384 152.475 1025.5 -6.30354 12.0794 79.8197 4.54029 -13 972 1 0 1
-92.4113 121.993 1025.5 -8.14519 9.71293 79.996 4.68026 -13 973 1 0 1
97.1142 -20.7271 1025.5 6.73625 -1.59496 79.6719 3.04985 -13 976 1 0 1
-115.168 33.806 1025.5 -10.0957 2.67806 79.6683 6.44838 -13 985 1 0 1
-115.677 -111.232 1025.5 -10.2908 -8.67984 80.0786 6.64443 -13 989 1 0 1
-115.59 93.5525 1025.5 -10.093 7.18889 80.0519 3.33512 -13 991 1 0 1
-17.4122 -101.187 1025.5 -2.38174 -7.69767 78.6386 4.82072 -13 994 1 0 1
-87.9214 -59.9406 1025.5 -8.43081 -5.00314 81.2736 5.87991 -13 998 1 0 1
-106.051 -129.228 1025.5 -9.22964 -9.96123 78.6373 5.07672 -13 1000 1 0 1
-153.791 -80.705 1025.5 -13.2374 -6.15355 80.1164 6.41712 -13 1004 1 0 1
-117.504 -27.2332 1025.5 -9.88941 -2.23585 77.2092 5.01063 -13 1005 1 0 1
-58.267 -113.416 1025.5 -5.58694 -9.10174 81.0481 5.101 -13 1011 1 0 1
-122.297 -105.849 1025.5 -10.5611 -8.25032 79.1494 5.94803 -13 1016 1 0 1
-134.257 149.76 1025.5 -11.3083 11.6522 77.5679 4.26869 -13 1018 1 0 1
-141.267 -72.3204 1025.5 -12.3868 -5.60841 79.6656 5.37508 -13 1026 1 0 1
-135.973 70.3615 1025.5 -11.5738 5.4547 78.4779 4.45842 -13 1029 1 0 1
-132.208 -56.8843 1025.5 -11.1143 -4.35556 77.5167 5.45173 -13 1033 1 0 1
-151.205 120.131 1025.5 -12.9499 9.44255 79.792 5.5819 -13 1037 1 0 1
-136.062 22.2876 1025.5 -11.8455 1.70613 79.743 7.31564 -13 1040 1 0 1
-7.45049 -76.4491 1025.5 -3.19201 -6.30742 80.7091 6.27275 -13 1050 1 0 1
-134.831 -18.148 1025.5 -11.7109 -1.27109 78.9019 6.07714 -13 1054 1 0 1
-125.821 -9.53592 1025.5 -10.9434 -0.739526 79.0129 6.27239 -13 1055 1 0 1
-103.932 83.9183 1025.5 -9.25559 6.51818 81.1146 4.8961 -13 1057 1 0 1
-33.6883 -96.8691 1025.5 -3.61932 -7.47301 78.8793 5.6181 -13 1062 1 0 1
-103.115 71.6359 1025.5 -14.4116 6.1372 78.9612 3.22411 -13 1065 1 0 1
-39.4357 143.922 1025.5 -4.10037 10.9761 77.5072 5.08201 -13 1077 1 0 1
-122.11 55.4109 1025.5 -10.6484 4.3798 78.9013 6.29979 -13 1079 1 0 1
-80.2868 98.9474 1025.5 -7.33154 7.4319 78.8256 5.36541 -13 1085 1 0 1
-129.62 51.8993 1025.5 -11.2717 3.94957 79.6552 6.20978 -13 1090 1 0 1
-90.4449 -68.0478 1025.5 -9.33774 -5.64202 79.2472 4.43246 -13 1094 1 0 1
-78.7501 -108.514 1025.5 -7.2102 -8.58461 79.3962 5.88077 -13 1097 1 0 1
-98.8112 74.706 1025.5 -12.9006 6.55766 80.1371 7.43692 -13 1101 1 0 1
-85.0324 -88.8549 1025.5 -7.91396 -7.1418 80.8488 5.23565 -13 1103 1 0 1
-120.066 135.589 1025.5 -10.2355 10.4797 77.8212 7.92128 -13 1107 1 0 1
-107.831 -95.5709 1025.5 -9.77689 -7.49813 80.0751 6.06112 -13 1113 1 0 1
-47.2998 118.16 1025.5 -4.81608 9.19672 79.8766 3.44538 -13 1119 1 0 1
-138.977 98.3447 1025.5 -11.8149 7.83461 78.3513 6.53659 -13 1125 1 0 1
-38.2196 89.4319 1025.5 -3.95909 6.94772 78.0738 4.22301 -13 1126 1 0 1
-64.9761 81.7193 1025.5 -6.10358 6.34318 78.3776 6.78063 -13 1130 1 0 1
-88.7038 -73.9907 1025.5 -8.85182 -6.11754 80.6191 4.8521 -13 1132 1 0 1
-141.154 17.1805 1025.5 -12.0154 1.07373 77.9472 6.02614 -13 1135 1 0 1
-108.466 -115.383 1025.5 -9.42129 -8.92889 79.1595 6.09568 -13 1136 1 0 1
-102.565 58.3643 1025.5 -13.9753 4.92533 79.2486 5.56232 -13 1140 1 0 1
-65.8641 119.541 1025.5 -6.03915 9.24659 78.6543 5.4818 -13 1142 1 0 1
-127.638 -24.455 1025.5 -11.0622 -1.81533 79.9836 7.59169 -13 1144 1 0 1
40.7817 -106.343 1025.5 2.20742 -8.55253 79.4082 4.46492 -13 1145 1 0 1
-93.9501 19.6844 1025.5 -8.30117 1.67172 79.3747 7.14568 -13 1146 1 0 1
-95.3686 -89.0389 1025.5 -8.66028 -7.04094 80.1219 5.0127 -13 1148 1 0 1
-50.6073 115.066 1025.5 -4.83886 9.02382 80.0754 7.13713 -13 1154 1 0 1
-119.661 -108.661 1025.5 -10.3877 -8.39549 79.2512 5.19069 -13 1155 1 0 1
-6.6978 103.316 1025.5 -1.60815 8.30221 79.5131 6.42474 -13 1156 1 0 1
-127.175 -78.4526 1025.5 -11.0233 -5.98383 79.0153 6.52871 -13 1162 1 0 1
-148.383 0.276792 1025.5 -12.5986 0.189613 78.8818 5.56147 -13 1164 1 0 1
-148.776 31.4961 1025.5 -12.5931 2.46423 78.8247 4.95748 -13 1166 1 0 1
-127.088 131.919 1025.5 -10.9344 10.3615 78.9767 4.57644 -13 1168 1 0 1
-82.7741 -106.504 1025.5 -7.36709 -8.18171 78.4112 6.13805 -13 1171 1 0 1
-115.358 52.0298 1025.5 -10.0625 4.07442 79.237 5.83687 -13 1174 1 0 1
-135.722 12.2725 1025.5 -11.7232 0.84392 78.4631 7.16377 -13 1176 1 0 1
-123.663 -5.36595 1025.5 -10.6741 -0.401702 77.6494 6.96062 -13 1177 1 0 1
-112.385 -29.5592 1025.5 -9.89816 -2.293 80.3834 5.59368 -13 1180 1 0 1
-140.795 -27.2277 1025.5 -12.0159 -1.95918 79.045 6.34923 -13 1184 1 0 1
-105.946 -34.2933 1025.5 -7.88427 -3.27005 64.8224 5.67405 -13 1185 1 0 1
-111.604 49.0718 1025.5 -9.70419 3.75668 78.8419 4.93522 -13 1192 1 0 1
-83.9351 -154.051 1025.5 -7.61856 -12.1118 79.6553 4.97723 -13 1193 1 0 1
-85.9387 93.5524 1025.5 -7.65869 7.1093 77.7145 4.34547 -13 1197 1 0 1
-66.5952 -153.678 1025.5 -6.18272 -12.1728 79.3679 2.62505 -13 1202 1 0 1
-140.33 -99.6859 1025.5 -11.9603 -7.55876 78.7173 4.43757 -13 1206 1 0 1
18.4023 -154.694 1025.5 0.380763 -11.7764 77.7892 7.0407 -13 1207 1 0 1
42.9068 -113.213 1025.5 2.19627 -8.79147 79.0737 6.35766 -13 1208 1 0 1
-122.699 -13.6989 1025.5 -10.8969 -0.865335 78.7801 5.24151 -13 1211 1 0 1
-105.056 88.8984 1025.5 -9.1667 6.94658 78.2148 4.15097 -13 1216 1 0 1
78.9136 11.6608 1025.5 5.11322 0.791353 80.2048 6.85415 -13 1219 1 0 1
-137.276 -110.628 1025.5 -11.6857 -8.88261 79.3581 4.46035 -13 1222 1 0 1
-110.993 -101.806 1025.5 -9.60521 -7.78881 77.698 7.48304 -13 1223 1 0 1
-136.145 126.069 1025.5 -11.4084 9.92722 78.7073 4.67788 -13 1227 1 0 1
-155.715 116.949 1025.5 -13.214 9.37627 80.019 7.5993 -13 1228 1 0 1
-100.229 71.4866 1025.5 -12.947 6.17547 78.5675 7.25025 -13 1239 1 0 1
-26.6935 77.2214 1025.5 -3.78574 5.99774 79.8756 5.01846 -13 1251 1 0 1
-127.546 -49.422 1025.5 -11.2567 -3.84536 80.2195 4.8916 -13 1254 1 0 1
-144.1 75.6798 1025.5 -12.3596 5.92621 79.3809 7.80438 -13 1256 1 0 1
-129.791 86.5861 1025.5 -11.1798 6.48334 78.8961 6.11568 -13 1257 1 0 1
-96.3752 -62.5173 1025.5 -11.4389 -5.00335 78.2152 5.89105 -13 1263 1 0 1
-122.538 -133.954 1025.5 -10.4065 -10.3522 78.5202 5.28719 -13 1267 1 0 1
-110.906 54.6545 1025.5 -9.7768 4.28028 80.546 6.43768 -13 1272 1 0 1
-88.7549 -129.563 1025.5 -8.06375 -10.3482 80.5556 4.59534 -13 1273 1 0 1
-140.554 -73.2842 1025.5 -11.7974 -5.58233 77.6922 5.5199 -13 1275 1 0 1
-105.598 -76.1478 1025.5 -27.2352 -6.35879 62.394 4.84833 -13 1278 1 0 1
-13.1821 111.409 1025.5 -2.07309 9.00495 80.7864 4.36645 -13 1284 1 0 1
-144.171 57.4415 1025.5 -12.3051 4.63044 79.4487 3.84934 -13 1289 1 0 1
-105.745 0.350359 1025.5 -9.43171 0.159626 80.1055 3.83242 -13 1291 1 0 1
-127.199 -32.6047 1025.5 -10.6541 -2.74328 77.8677 4.56369 -13 1293 1 0 1
-144.505 96.972 1025.5 -12.2668 7.65539 78.4024 5.64377 -13 1294 1 0 1
-152.359 125.831 1025.5 -12.8398 9.73812 78.6222 4.6797 -13 1297 1 0 1
23.8694 -75.2457 1025.5 -0.749982 -5.99265 79.7501 3.93974 -13 1299 1 0 1
-20.3562 117.494 1025.5 -2.85327 9.42976 79.9497 5.78874 -13 1300 1 0 1
-81.9981 84.4147 1025.5 -7.74934 6.63653 79.1851 5.8684 -13 1301 1 0 1
72.9395 -38.0002 1025.5 4.63811 -3.06268 78.8125 4.79812 -13 1307 1 0 1
-120.254 -42.0757 1025.5 -10.117 -3.28224 78.166 6.49667 -13 1312 1 0 1
-122.028 59.9925 1025.5 -10.5331 4.53469 79.885 4.54791 -13 1318 1 0 1
-52.1488 -112.082 1025.5 -5.0888 -8.85078 79.4804 4.42643 -13 1321 1 0 1
-149.37 60.996 1025.5 -13.1544 4.81213 81.1947 4.92348 -13 1323 1 0 1
-105.203 -121.358 1025.5 -9.38709 -9.5047 79.2544 5.3135 -13 1328 1 0 1
-151.62 -22.9621 1025.5 -12.52 -1.94407 78.5203 6.08672 -13 1337 1 0 1
-91.4362 -60.1559 1025.5 -8.76193 -4.77185 77.8154 5.07014 -13 1338 1 0 1
-116.287 82.2951 1025.5 -10.0964 6.49561 79.3181 5.95288 -13 1342 1 0 1
16.7694 -109.265 1025.5 0.333512 -8.33155 78.6238 8.05751 -13 1351 1 0 1
-137.993 1.91202 1025.5 -11.8727 0.159979 79.3589 5.34868 -13 1357 1 0 1
-90.3606 131.395 1025.5 -8.3971 10.2263 79.0812 4.03738 -13 1360 1 0 1
-133.791 -75.7627 1025.5 -11.5711 -5.83759 78.7635 4.49121 -13 1363 1 0 1
-142.105 -106.079 1025.5 -12.398 -8.43728 80.2477 5.47092 -13 1369 1 0 1
-136.699 -116.531 1025.5 -11.7717 -9.05198 78.5589 5.75809 -13 1374 1 0 1
-97.8028 66.4943 1025.5 -8.9575 5.3959 80.9625 6.38752 -13 1377 1 0 1
-121.041 -82.9299 1025.5 -10.7773 -6.49554 80.6828 4.93726 -13 1382 1 0 1
-25.2036 127.356 1025.5 -2.95186 9.72519 79.2091 7.00534 -13 1383 1 0 1
-104.601 8.60577 1025.5 -9.37148 0.679658 80.5122 6.09412 -13 1385 1 0 1
-151.231 68.2418 1025.5 -12.763 5.27302 78.9766 6.74933 -13 1386 1 0 1
-153.533 -55.9282 1025.5 -12.9018 -4.29079 77.908 4.10411 -13 1394 1 0 1
4.35967 -133.764 1025.5 -0.910176 -10.5392 79.2775 3.61391 -13 1396 1 0 1
-144.426 -14.4246 1025.5 -11.9959 -0.914406 77.5768 5.26153 -13 1398 1 0 1
-43.5234 -102.862 1025.5 -4.35393 -8.26378 79.439 5.01948 -13 1399 1 0 1
-135.566 77.6587 1025.5 -11.6424 6.16658 78.9655 8.79324 -13 1406 1 0 1
-125.35 -104.756 1025.5 -10.8338 -8.11189 78.7489 7.82908 -13 1415 1 0 1
-65.4993 -104.341 1025.5 -5.83138 -8.37668 79.089 4.76145 -13 1418 1 0 1
-127.244 22.1895 1025.5 -10.7801 1.66318 78.6924 4.99095 -13 1419 1 0 1
-114.632 -4.82797 1025.5 -10.3268 -0.174213 79.8621 4.64135 -13 1422 1 0 1
-153.117 -81.6074 1025.5 -13.1045 -6.44015 79.0054 4.32376 -13 1425 1 0 1
-108.282 -119.683 1025.5 -9.36507 -9.14433 77.9549 3.77897 -13 1426 1 0 1
-125.443 -41.4068 1025.5 -11.0048 -3.4101 79.4091 6.0302 -13 1430 1 0 1
-94.021 61.4502 1025.5 -10.5965 5.16246 79.2084 7.23351 -13 1432 1 0 1
-110.47 81.903 1025.5 -9.73205 6.40176 79.3264 7.46978 -13 1435 1 0 1
-99.3909 -73.7222 1025.5 -15.3573 -6.57964 78.4046 6.45921 -13 1436 1 0 1
-139.87 24.6543 1025.5 -11.8962 1.91262 78.4509 5.50883 -13 1437 1 0 1
-109.648 -7.15499 1025.5 -9.69203 -0.685518 78.8539 8.31088 -13 1443 1 0 1
-58.9769 -88.6175 1025.5 -5.64581 -6.976 78.5827 5.19572 -13 1445 1 0 1
-39.977 -77.6483 1025.5 -5.11488 -6.23343 79.7944 4.36832 -13 1449 1 0 1
-23.4162 95.4573 1025.5 -2.8981 7.35822 78.4412 5.20191 -13 1455 1 0 1
-104.45 -68.3252 1025.5 -14.7326 -6.12405 79.1298 5.69644 -13 1457 1 0 1
84.9174 -9.77539 1025.5 5.76084 -0.912667 80.1112 6.43347 -13 1459 1 0 1
-134.104 47.7511 1025.5 -11.5575 3.87203 79.1657 5.45567 -13 1474 1 0 1
-155.112 26.4221 1025.5 -13.3694 1.82662 79.4044 5.55533 -13 1475 1 0 1
-101.704 15.1074 1025.5 -9.22246 1.18103 80.0952 6.26677 -13 1484 1 0 1
-98.2097 155.272 1025.5 -8.62153 12.033 78.4802 5.66603 -13 1485 1 0 1
-129.385 -68.9622 1025.5 -11.1907 -5.48386 77.9309 5.91126 -13 1487 1 0 1
-119.513 -23.324 1025.5 -10.8015 -1.8692 76.3325 6.02642 -13 1496 1 0 1
-138.542 34.5723 1025.5 -11.9332 2.49179 79.216 5.14566 -13 1497 1 0 1
-102.679 -54.2604 1025.5 -9.0953 -4.27464 79.8043 8.54202 -13 1499 1 0 1
-46.9379 156.305 1025.5 -4.71708 12.2559 79.4773 6.89871 -13 1500 1 0 1
-105.867 -81.3729 1025.5 -9.28811 -6.35386 79.5662 3.89315 -13 1502 1 0 1
-77.3301 87.9831 1025.5 -7.30833 6.81905 79.5667 6.65634 -13 1504 1 0 1
-57.6068 -133.346 1025.5 -5.49713 -10.4382 79.097 5.94937 -13 1509 1 0 1
-138.895 -91.5716 1025.5 -11.9368 -7.02852 79.4063 6.19871 -13 1515 1 0 1
-128.719 -8.56237 1025.5 -11.2624 -0.599886 79.8418 5.64473 -13 1516 1 0 1
25.726 -150.711 1025.5 0.987526 -11.6065 79.3092 4.11916 -13 1521 1 0 1
-128.507 24.5802 1025.5 -11.1145 2.02247 79.6513 5.96953 -13 1527 1 0 1
-133.806 -130.818 1025.5 -11.5696 -10.1426 79.1476 5.92398 -13 1530 1 0 1
23.0346 -71.6162 1025.5 -2.92974 -5.61933 79.6976 6.66769 -13 1545 1 0 1
115.808 -44.3043 1025.5 8.11779 -3.61122 80.2427 6.0627 -13 1554 1 0 1
-135.378 -34.52 1025.5 -11.5492 -2.71583 78.9905 6.55108 -13 1556 1 0 1
-98.6826 -69.5217 1025.5 -8.59033 -5.31252 78.8152 4.12965 -13 1559 1 0 1
-115.938 87.0142 1025.5 -10.2298 6.95565 79.0031 3.88478 -13 1561 1 0 1
-137.856 102 1025.5 -11.5526 7.81855 77.8729 7.45551 -13 1563 1 0 1
-132.263 47.9917 1025.5 -11.0544 3.56326 78.477 6.12507 -13 1565 1 0 1
-119.852 88.4166 1025.5 -10.4499 6.96382 79.8474 4.07141 -13 1570 1 0 1
-109.389 17.892 1025.5 -9.6334 1.34683 80.9788 4.80601 -13 1581 1 0 1
-123.743 69.372 1025.5 -10.5168 5.44227 78.694 6.34556 -13 1582 1 0 1
-123.381 67.057 1025.5 -10.8417 5.45848 79.4403 7.23423 -13 1586 1 0 1
-89.9935 26.0061 1025.5 -7.89984 2.01214 79.5003 4.77657 -13 1595 1 0 1
-149.703 54.5394 1025.5 -12.9357 4.17291 78.8 8.6668 -13 1597 1 0 1
11.3736 -82.8561 1025.5 -0.0489592 -6.30296 79.5876 4.85095 -13 1599 1 0 1
-146.682 68.9656 1025.5 -12.4133 5.39786 78.3839 6.36404 -13 1601 1 0 1
-25.2423 80.4856 1025.5 -3.21275 6.44267 80.1008 6.09812 -13 1609 1 0 1
-21.623 -117.766 1025.5 -2.60942 -9.09516 78.2612 7.51352 -13 1611 1 0 1
-101.835 -105.92 1025.5 -9.13242 -8.06827 79.1763 6.22879 -13 1613 1 0 1
-107.867 -130.196 1025.5 -9.37412 -10.1652 78.5158 5.02231 -13 1614 1 0 1
-91.7381 70.7492 1025.5 -8.13608 5.48495 78.8 6.35903 -13 1615 1 0 1
-90.3573 -58.0896 1025.5 -8.99407 -4.80344 79.6183 2.27902 -13 1619 1 0 1
-93.1121 19.4775 1025.5 -8.21584 1.4766 78.9993 3.83101 -13 1624 1 0 1
-124.776 23.5798 1025.5 -10.6363 1.89481 78.0129 5.95136 -13 1625 1 0 1
-3.20044 -110.552 1025.5 -1.26838 -8.7772 79.3087 5.01131 -13 1627 1 0 1
-132.95 -57.9651 1025.5 -11.3355 -4.38508 79.3752 6.6235 -13 1640 1 0 1
-143.32 -32.5307 1025.5 -12.2211 -2.59081 79.4029 5.74919 -13 1642 1 0 1
-117.577 28.9827 1025.5 -10.0974 2.28965 79.14 5.42317 -13 1647 1 0 1
-134.046 27.7068 1025.5 -11.2942 2.11433 77.8544 6.2858 -13 1653 1 0 1
-84.376 -88.3985 1025.5 -7.52363 -7.00468 79.5336 4.17238 -13 1658 1 0 1
-156.01 -102.246 1025.5 -13.2201 -8.00524 78.1888 6.03891 -13 1662 1 0 1
-108.906 27.871 1025.5 -9.55851 2.11546 78.8905 5.41029 -13 1664 1 0 1
-153.882 -76.6778 1025.5 -12.8336 -6.15002 77.9892 4.52279 -13 1668 1 0 1
-91.0181 -84.7305 1025.5 -8.11729 -6.49337 78.8112 5.20108 -13 1678 1 0 1
-129.71 24.8611 1025.5 -11.1877 1.89901 79.5887 5.02125 -13 1681 1 0 1
-97.3909 -147.983 1025.5 -8.68425 -11.3991 78.4157 4.91324 -13 1683 1 0 1
-7.74745 89.2828 1025.5 -1.70911 6.95941 79.0785 7.62327 -13 1684 1 0 1
-100.793 17.4024 1025.5 -8.8926 1.38861 79.0525 4.5234 -13 1688 1 0 1
-144.288 155.177 1025.5 -11.9811 11.7785 78.0564 5.12162 -13 1689 1 0 1
-154.94 -4.32835 1025.5 -13.3388 -0.460586 79.5527 4.52894 -13 1690 1 0 1
-112.649 -46.1556 1025.5 -9.90562 -3.73541 80.2943 5.62898 -13 1694 1 0 1
-133.682 -24.773 1025.5 -11.692 -1.98711 79.9291 5.58524 -13 1695 1 0 1
-36.1113 134.913 1025.5 -3.7915 10.52 79.2118 4.32468 -13 1697 1 0 1
-154.277 27.1425 1025.5 -13.2864 1.90414 79.7635 5.68951 -13 1700 1 0 1
-128.55 47.9745 1025.5 -11.0848 3.78319 79.2449 4.35019 -13 1709 1 0 1
-99.9596 45.3004 1025.5 -8.86492 3.62019 79.2984 5.40649 -13 1711 1 0 1
-126.616 -26.7596 1025.5 -10.7959 -2.0699 78.8191 7.00772 -13 1717 1 0 1
-55.1117 -145.767 1025.5 -5.5062 -11.306 78.1754 4.90997 -13 1718 1 0 1
-64.8847 117.127 1025.5 -6.25466 9.0898 79.4254 5.82333 -13 1722 1 0 1
-124.814 -45.5015 1025.5 -10.8977 -3.53743 79.0554 7.24115 -13 1727 1 0 1
-111.521 30.0401 1025.5 -9.57371 2.24258 78.3589 4.99063 -13 1731 1 0 1
-130.445 -16.0777 1025.5 -11.183 -1.27043 78.6298 4.28608 -13 1733 1 0 1
-136.608 -25.3277 1025.5 -11.6918 -2.16364 79.7737 5.16838 -13 1737 1 0 1
-114.778 89.9705 1025.5 -10.0527 7.07693 79.755 4.15572 -13 1738 1 0 1
-73.7899 -95.3607 1025.5 -6.7085 -7.52261 79.2367 6.71901 -13 1739 1 0 1
-96.2982 -73.2696 1025.5 -8.62206 -5.74451 78.0287 4.93169 -13 1740 1 0 1
-151.675 -25.4285 1025.5 -12.8923 -1.87697 79.6004 6.70508 -13 1742 1 0 1
-155.997 -56.5047 1025.5 -13.1082 -4.52514 78.6764 4.88097 -13 1744 1 0 1
-43.6071 74.5304 1025.5 -6.82984 6.0829 79.7662 4.58514 -13 1748 1 0 1
-105.22 -24.8357 1025.5 -9.55627 -1.94317 80.7467 5.80178 -13 1754 1 0 1
-82.5955 136.857 1025.5 -7.58384 10.9229 80.1511 4.09321 -13 1756 1 0 1
-26.402 -134.022 1025.5 -3.36291 -10.5125 79.0555 5.17378 -13 1768 1 0 1
-70.4435 101.818 1025.5 -6.37198 8.08296 78.9847 6.21438 -13 1769 1 0 1
-89.2797 60.2844 1025.5 -8.22958 5.00088 79.4787 6.09383 -13 1775 1 0 1
-97.7486 -93.1935 1025.5 -8.87499 -7.29159 79.1221 6.0313 -13 1776 1 0 1
-115.802 139.31 1025.5 -9.94904 10.7744 77.8096 4.82579 -13 1777 1 0 1
-151.838 54.5413 1025.5 -12.5872 4.25913 78.4771 6.34801 -13 1778 1 0 1
-116.165 37.2521 1025.5 -10.4081 2.79307 79.9107 5.35136 -13 1780 1 0 1
-107.238 61.7888 1025.5 -15.719 5.23337 78.1208 7.47006 -13 1782 1 0 1
-96.1749 74.5655 1025.5 -11.8796 6.39218 80.5372 6.49455 -13 1785 1 0 1
-7.96452 -130.816 1025.5 -1.73751 -10.2289 78.6004 5.92292 -13 1786 1 0 1
-101.8 -118.919 1025.5 -9.30785 -9.53833 79.7967 4.53933 -13 1790 1 0 1
-116.066 20.4993 1025.5 -10.2217 1.65865 79.6136 6.59657 -13 1799 1 0 1
-153.076 18.9944 1025.5 -13.0544 1.57406 79.0446 6.54335 -13 1802 1 0 1
-28.8352 -99.1459 1025.5 -3.37545 -7.82923 80.2156 6.43832 -13 1803 1 0 1
-112.229 68.0085 1025.5 -9.82048 5.15309 78.5798 5.60372 -13 1805 1 0 1
-115.441 45.0718 1025.5 -10.1728 3.78779 79.0445 6.49439 -13 1807 1 0 1
-126.201 -26.2521 1025.5 -10.76 -2.10202 78.6565 5.44002 -13 1810 1 0 1
-26.1862 87.0941 1025.5 -3.21942 6.85986 79.0205 5.26147 -13 1816 1 0 1
-120.658 -38.385 1025.5 -10.6216 -2.8226 80.1922 5.27043 -13 1821 1 0 1
-123.671 13.6646 1025.5 -10.3041 0.971274 77.3283 5.1944 -13 1822 1 0 1
-57.3525 104.567 1025.5 -5.61196 8.31311 78.687 4.16593 -13 1833 1 0 1
-134.301 121.766 1025.5 -11.5783 9.5026 78.6416 7.41555 -13 1836 1 0 1
-69.6154 -85.8368 1025.5 -6.43567 -6.54195 78.5186 3.75157 -13 1838 1 0 1
-155.117 -51.2465 1025.5 -13.176 -4.02854 78.0892 5.78341 -13 1843 1 0 1
-92.23 52.5803 1025.5 -9.7649 4.41247 78.2917 6.67989 -13 1848 1 0 1
-114.028 8.31661 1025.5 -9.72921 0.650817 78.86 4.11584 -13 1854 1 0 1
-122.738 70.8067 1025.5 -10.3513 5.54798 77.6573 6.12252 -13 1869 1 0 1
-130.565 40.4429 1025.5 -11.284 3.2596 79.2762 6.63138 -13 1870 1 0 1
-17.1301 73.0796 1025.5 -5.87638 5.88806 79.2367 5.65571 -13 1872 1 0 1
-32.3385 -93.4951 1025.5 -3.68378 -7.24582 79.3808 4.56629 -13 1879 1 0 1
-130.422 -61.552 1025.5 -11.4631 -4.84361 80.4394 7.01923 -13 1886 1 0 1
82.528 -49.7083 1025.5 5.35949 -4.06022 80.3293 4.54112 -13 1890 1 0 1
1.44868 -111.42 1025.5 -0.709433 -8.94536 79.9774 5.53055 -13 1895 1 0 1
-154.131 -69.7498 1025.5 -12.9778 -5.25198 77.9505 5.74403 -13 1896 1 0 1
-144.422 53.3457 1025.5 -12.3827 4.14218 79.3175 4.2415 -13 1902 1 0 1
-115.477 -65.8897 1025.5 -10.0944 -5.26883 79.8863 8.34384 -13 1909 1 0 1
-123.71 42.4313 1025.5 -10.8617 3.1595 79.6437 4.44845 -13 1910 1 0 1
-121.68 -153.874 1025.5 -10.832 -11.8682 79.4506 3.89128 -13 1913 1 0 1
-150.135 -2.89899 1025.5 -12.7502 -0.175947 78.6679 5.36555 -13 1917 1 0 1
-131.231 -65.6533 1025.5 -11.369 -5.32893 79.2155 4.71168 -13 1918 1 0 1
-150.62 106.967 1025.5 -12.6869 8.10838 78.0829 4.21467 -13 1920 1 0 1
-97.6269 -97.9681 1025.5 -8.56344 -7.73616 80.0202 6.67158 -13 1925 1 0 1
-114.421 -136.418 1025.5 -9.90189 -10.7412 78.4101 6.39728 -13 1927 1 0 1
-95.0654 -57.5841 1025.5 -8.3244 -4.47834 79.0998 4.16244 -13 1928 1 0 1
-150.547 -88.4275 1025.5 -12.7692 -6.75422 78.0928 5.35198 -13 1932 1 0 1
-102.481 44.0994 1025.5 -8.9764 3.3399 79.1571 4.29171 -13 1936 1 0 1
-127.607 -137.686 1025.5 -11.036 -11.1127 79.3343 4.27251 -13 1937 1 0 1
-99.5809 33.9047 1025.5 -8.76694 2.62458 79.0393 6.53747 -13 1938 1 0 1
-111.881 28.5574 1025.5 -9.81098 2.27608 79.0005 4.6965 -13 1945 1 0 1
46.6569 -122.132 1025.5 2.74786 -9.46307 78.7243 4.68638 -13 1949 1 0 1
-129.04 25.5737 1025.5 -11.1409 1.97722 79.3711 6.14434 -13 1951 1 0 1
-81.0344 -81.5008 1025.5 -7.68536 -6.70278 81.4183 3.96194 -13 1952 1 0 1
-152.197 45.8947 1025.5 -12.8634 3.74352 79.2323 5.57507 -13 1957 1 0 1
-137.607 -107.057 1025.5 -11.8708 -8.40899 79.1293 3.02479 -13 1958 1 0 1
-106.319 -11.1176 1025.5 -9.43299 -0.825226 79.241 3.97289 -13 1960 1 0 1
-125.941 -18.5964 1025.5 -11.121 -1.41156 77.6591 4.28282 -13 1963 1 0 1
-42.6163 -128.729 1025.5 -4.33922 -10.057 79.2899 4.30839 -13 1964 1 0 1
-140.13 -20.7029 1025.5 -12.122 -1.68381 79.5516 5.90575 -13 1967 1 0 1
-84.655 -103.159 1025.5 -7.86242 -8.5986 79.6164 4.78747 -13 1969 1 0 1
-36.3879 96.7346 1025.5 -3.86725 7.66904 79.66 5.58892 -13 1972 1 0 1
-146.848 -88.1973 1025.5 -12.4949 -7.19307 79.5461 7.19906 -13 1974 1 0 1
-136.559 -98.657 1025.5 -11.8363 -7.57766 80.1528 3.80655 -13 1978 1 0 1
-123.741 -96.2941 1025.5 -10.6366 -7.44001 78.4788 5.68694 -13 1984 1 0 1
-130.152 -97.5402 1025.5 -11.4319 -7.45026 78.3647 4.83527 -13 1985 1 0 1
-119.638 -60.1039 1025.5 -10.2777 -4.87024 77.7331 5.29326 -13 1990 1 0 1
11.0698 96.7263 1025.5 -0.132186 7.54005 78.6447 5.84143 -13 2003 1 0 1
-143.299 -13.2216 1025.5 -12.4278 -0.976733 79.8455 6.7068 -13 2008 1 0 1
-83.937 129.565 1025.5 -7.70916 10.0713 78.8137 5.7698 -13 2013 1 0 1
-46.8721 118.628 1025.5 -4.63437 9.3246 79.49 6.28537 -13 2014 1 0 1
-14.3263 -72.3538 1025.5 -5.62834 -5.86061 81.0695 5.25594 -13 2015 1 0 1
-104.148 109.948 1025.5 -9.04278 8.71588 80.7901 5.27627 -13 2016 1 0 1
-122.976 102.464 1025.5 -10.7715 7.81848 78.7355 7.28725 -13 2018 1 0 1
-93.8377 -143.452 1025.5 -8.39007 -11.1062 78.545 5.65906 -13 2019 1 0 1
-126.693 73.3796 1025.5 -10.8693 5.50707 78.5666 6.0403 -13 2025 1 0 1
-128.203 11.2953 1025.5 -11.33 0.897286 80.1395 6.40901 -13 2028 1 0 1
-136.127 -33.8487 1025.5 -11.8577 -2.68431 79.5784 6.97362 -13 2032 1 0 1
-138.625 -40.707 1025.5 -11.8641 -3.04863 78.6409 3.36408 -13 2033 1 0 1
-91.2934 12.015 1025.5 -7.93765 0.910691 79.7663 4.31665 -13 2051 1 0 1
-115.551 -130.239 1025.5 -9.86159 -9.98573 78.4204 5.74357 -13 2052 1 0 1
-56.6827 136.936 1025.5 -5.45742 10.6231 78.4363 4.45294 -13 2054 1 0 1
-106.035 -125.936 1025.5 -9.32035 -9.65811 78.4085 4.31295 -13 2058 1 0 1
-98.0551 43.4032 1025.5 -8.60404 3.33262 78.1955 3.94133 -13 2065 1 0 1
-121.96 -64.159 1025.5 -10.5184 -5.15218 78.8984 5.52144 -13 2067 1 0 1
-27.25 -72.2834 1025.5 -9.24758 -6.17991 79.6236 4.40346 -13 2068 1 0 1
-138.177 60.6064 1025.5 -11.7831 4.836 79.4398 4.38802 -13 2071 1 0 1
-37.9492 95.8992 1025.5 -4.10995 7.63728 79.594 5.37799 -13 2078 1 0 1
-100.565 100.645 1025.5 -8.93376 7.90211 79.9362 5.05827 -13 2082 1 0 1
-37.554 86.7415 1025.5 -4.08811 6.71688 79.9335 7.69107 -13 2083 1 0 1
-28.1358 -117.023 1025.5 -3.09166 -9.25983 79.4029 5.45725 -13 2088 1 0 1
-98.6438 -40.6032 1025.5 -8.63141 -2.93589 77.5561 5.30839 -13 2097 1 0 1
-115.705 81.1679 1025.5 -10.1675 6.37804 79.8562 4.62088 -13 2112 1 0 1
-100.949 24.3589 1025.5 -9.17383 2.03684 80.2657 4.58433 -13 2113 1 0 1
-112.643 141.542 1025.5 -9.87086 10.6276 78.1082 5.69201 -13 2119 1 0 1
-143.457 -128.902 1025.5 -12.2735 -10.0177 79.667 2.92922 -13 2120 1 0 1
-154.384 95.6752 1025.5 -13.0461 7.22374 79.2166 8.11588 -13 2124 1 0 1
-146.501 -108.437 1025.5 -12.5591 -8.2612 79.0098 7.8984 -13 2128 1 0 1
-102.493 19.8948 1025.5 -9.3454 1.57199 80.9046 6.69789 -13 2139 1 0 1
-59.5043 88.4218 1025.5 -5.95508 7.06217 78.9968 6.56199 -13 2142 1 0 1
-66.788 124.675 1025.5 -6.23391 9.78168 79.3387 6.17899 -13 2147 1 0 1
-122.994 -109.744 1025.5 -10.4076 -8.3978 78.3682 6.00482 -13 2170 1 0 1
-116.3 -74.8933 1025.5 -10.1538 -5.85951 79.464 4.9338 -13 2172 1 0 1
-98.5568 -35.0354 1025.5 -8.60285 -2.76296 78.7423 7.4306 -13 2178 1 0 1
-140.279 -11.9828 1025.5 -11.8528 -0.777617 78.7934 5.8024 -13 2182 1 0 1
-132.826 -26.9777 1025.5 -11.3297 -2.08624 77.7464 5.18868 -13 2183 1 0 1
-104.755 -8.13755 1025.5 -9.23949 -0.501506 79.7638 4.31278 -13 2191 1 0 1
-141.337 -98.8798 1025.5 -12.0732 -7.54152 78.0706 7.30949 -13 2195 1 0 1
-118.386 14.6531 1025.5 -10.4124 1.16709 79.2095 8.00712 -13 2202 1 0 1
-146.603 38.2604 1025.5 -12.6731 3.10243 80.2552 7.50395 -13 2203 1 0 1
-92.5542 -121.819 1025.5 -8.37943 -9.54862 78.9104 7.02885 -13 2204 1 0 1
-121.213 -2.65137 1025.5 -10.3876 -0.168723 79.171 8.36962 -13 2208 1 0 1
-94.9784 60.1117 1025.5 -11.0615 4.7905 79.0951 6.11165 -13 2210 1 0 1
88.8375 107.917 1025.5 6.09311 8.67726 79.6174 5.00991 -13 2222 1 0 1
-105.817 19.3873 1025.5 -9.16703 1.533 78.97 6.17869 -13 2225 1 0 1
-129.599 5.07522 1025.5 -11.2634 0.661781 78.937 6.27824 -13 2228 1 0 1
-103.796 -76.9751 1025.5 -9.43984 -6.11183 78.4284 7.9535 -13 2229 1 0 1
-129.3 113.948 1025.5 -10.9991 9.02021 78.8383 6.55983 -13 2230 1 0 1
-149.53 25.0979 1025.5 -12.6828 1.89401 78.6715 4.75367 -13 2234 1 0 1
-117.799 5.53656 1025.5 -10.4431 0.298885 79.109 4.98852 -13 2248 1 0 1
-94.4465 -73.2694 1025.5 -16.4004 -6.67553 77.8212 4.90298 -13 2255 1 0 1
-72.7346 134.361 1025.5 -6.67339 10.1414 77.6199 6.48687 -13 2256 1 0 1
6.92373 -80.0123 1025.5 -0.827569 -6.2964 79.3076 4.21329 -13 2257 1 0 1
-97.6807 42.1087 1025.5 -8.75746 3.42621 80.1751 5.84645 -13 2259 1 0 1
-90.3888 -53.2205 1025.5 -8.46512 -4.01721 79.6151 7.1173 -13 2267 1 0 1
-44.1121 98.5901 1025.5 -4.5383 7.68312 79.5719 4.76195 -13 2273 1 0 1
-136.014 -67.6783 1025.5 -11.5894 -5.26145 79.0216 5.26451 -13 2286 1 0 1
-132.143 -83.6402 1025.5 -11.2041 -6.5675 77.8463 5.26186 -13 2293 1 0 1
-146.911 64.6089 1025.5 -12.4485 5.17541 78.6994 5.17687 -13 2301 1 0 1
-145.4 47.7116 1025.5 -12.2509 3.6706 77.8905 5.39019 -13 2309 1 0 1
59.0588 88.9276 1025.5 3.66554 7.05613 80.5146 3.91749 -13 2313 1 0 1
-149.431 18.3207 1025.5 -12.7202 1.66677 78.0619 7.32716 -13 2315 1 0 1
-130.24 -122.893 1025.5 -11.302 -9.58575 79.9383 5.62591 -13 2316 1 0 1
-129.835 9.16681 1025.5 -11.0267 0.797229 78.4087 5.98892 -13 2318 1 0 1
-109 124.638 1025.5 -9.44755 9.66319 78.9081 4.74619 -13 2323 1 0 1
75.2138 -24.7383 1025.5 4.68393 -2.01212 79.5248 6.88602 -13 2328 1 0 1
-118.022 133.484 1025.5 -10.3746 10.7773 79.2947 4.17564 -13 2331 1 0 1
-111.142 -38.0571 1025.5 -9.39916 -2.92515 78.8745 4.69272 -13 2333 1 0 1
-53.0182 -70.9698 1025.5 -12.0908 -5.99442 80.2036 5.47004 -13 2334 1 0 1
-39.5512 74.5487 1025.5 -7.19227 6.20264 79.6141 5.43798 -13 2343 1 0 1
-130.844 -144.247 1025.5 -11.2806 -11.2101 79.4324 4.45408 -13 2358 1 0 1
-150.343 18.0819 1025.5 -13.0435 1.27153 79.7778 6.28702 -13 2366 1 0 1
-107.449 54.7072 1025.5 -9.59448 4.25828 79.4206 5.89224 -13 2368 1 0 1
-120.736 137.994 1025.5 -10.5664 10.6813 79.5369 4.72515 -13 2376 1 0 1
-40.7424 129.645 1025.5 -4.49899 10.1513 79.5314 6.61616 -13 2378 1 0 1
-152.785 115.524 1025.5 -12.6742 9.06556 77.6441 6.38379 -13 2385 1 0 1
-135.739 37.6097 1025.5 -11.7211 2.80869 79.5427 3.43383 -13 2389 1 0 1
-123.623 -2.6185 1025.5 -10.6903 -0.217003 78.4714 3.93777 -13 2390 1 0 1
9.84144 -109.688 1025.5 -0.221975 -8.8068 80.4271 6.12139 -13 2391 1 0 1
-101.504 60.3989 1025.5 -9.115 4.80532 79.9591 6.46507 -13 2394 1 0 1
-117.913 22.1166 1025.5 -10.3391 1.72848 78.7388 6.67128 -13 2395 1 0 1
-147.621 41.3377 1025.5 -12.3166 3.29461 77.3378 8.21825 -13 2396 1 0 1
-142.876 -70.896 1025.5 -12.2726 -5.5454 78.2059 4.70738 -13 2397 1 0 1
-119.594 149.828 1025.5 -10.3682 11.3526 77.4171 6.55199 -13 2404 1 0 1
-98.6502 -134.628 1025.5 -8.62056 -10.2164 78.0715 8.86205 -13 2417 1 0 1
-139.87 83.2463 1025.5 -11.847 6.38819 79.2725 7.27109 -13 2425 1 0 1
-108.111 -12.3854 1025.5 -9.58191 -0.884199 79.1596 5.70749 -13 2426 1 0 1
-116.959 40.0808 1025.5 -10.0753 3.16119 79.5139 4.89454 -13 2428 1 0 1
-89.8097 -40.1154 1025.5 -8.82372 -3.22879 79.0586 5.08867 -13 2430 1 0 1
-136.812 -48.5857 1025.5 -11.7897 -3.93327 79.9055 5.07488 -13 2434 1 0 1
-119.922 -88.5502 1025.5 -10.4854 -6.96887 78.5769 5.40195 -13 2437 1 0 1
-60.2037 -151.162 1025.5 -5.73521 -11.9104 80.022 5.64184 -13 2438 1 0 1
-136.038 85.7262 1025.5 -11.7226 6.60136 78.8772 6.15767 -13 2445 1 0 1
-149.3 -25.0906 1025.5 -12.6732 -2.08207 79.434 5.24164 -13 2455 1 0 1
-151.425 15.5934 1025.5 -12.9132 1.32123 79.2094 7.7159 -13 2459 1 0 1
-151.492 -23.706 1025.5 -12.7751 -1.61721 77.9872 4.63252 -13 2461 1 0 1
-142.651 -102.704 1025.5 -12.1703 -8.02184 79.6015 6.07334 -13 2466 1 0 1
-15.3851 131.326 1025.5 -2.19973 10.225 79.1727 5.77457 -13 2469 1 0 1
-156.65 -78.3418 1025.5 -12.9661 -6.14688 77.9453 5.59347 -13 2473 1 0 1
40.6061 153.082 1025.5 2.12074 8.62418 45.136 10.2062 -13 2474 1 0 1
-147.824 -154.324 1025.5 -12.7141 -12.1673 79.9985 5.56504 -13 2476 1 0 1
-103.176 66.4964 1025.5 -9.11467 5.37888 79.7769 3.70267 -13 2486 1 0 1
-139.404 -64.5435 1025.5 -12.0521 -4.95727 79.3374 6.80216 -13 2492 1 0 1
-110.171 -44.9598 1025.5 -9.62791 -3.50368 80.1822 6.55431 -13 2496 1 0 1
-94.217 56.4634 1025.5 -10.7635 4.66303 80.1229 3.38238 -13 2503 1 0 1
-50.3985 -100.737 1025.5 -4.93437 -7.85178 79.3465 4.59807 -13 2507 1 0 1
-136.416 -18.274 1025.5 -11.6935 -1.37079 79.4236 4.56106 -13 2508 1 0 1
-110.338 -89.9648 1025.5 -9.80804 -7.07387 79.5937 5.15722 -13 2510 1 0 1
-79.9084 -124.401 1025.5 -7.26385 -9.91518 79.0939 5.92255 -13 2512 1 0 1
-135.647 -104.641 1025.5 -11.9209 -8.24678 80.1489 5.65512 -13 2514 1 0 1
-133.606 -129.778 1025.5 -11.471 -9.93041 78.8666 5.34118 -13 2518 1 0 1
-115.924 -8.73754 1025.5 -10.2168 -0.562309 80.8748 5.79057 -13 2522 1 0 1
-119.518 -30.0399 1025.5 -10.3646 -2.20443 79.5372 6.8687 -13 2526 1 0 1
-124.139 -92.4988 1025.5 -10.8498 -7.17657 79.055 4.42769 -13 2529 1 0 1
-138.216 -72.8553 1025.5 -11.941 -5.77852 80.1149 5.68916 -13 2535 1 0 1
-144.758 26.7188 1025.5 -12.2962 2.02787 79.6162 5.55526 -13 2537 1 0 1
22.5945 82.2495 1025.5 0.768511 6.68757 80.5337 5.89255 -13 2540 1 0 1
-136.91 102.51 1025.5 -11.4092 7.88023 77.7447 5.16168 -13 2545 1 0 1
-147.147 53.6507 1025.5 -12.8138 4.29926 80.7905 5.8852 -13 2546 1 0 1
-91.54 85.947 1025.5 -7.96414 6.63695 80.0125 5.45268 -13 2548 1 0 1
-149.16 143.574 1025.5 -12.507 10.8842 77.4595 5.23795 -13 2549 1 0 1
-96.4951 -51.6346 1025.5 -8.40808 -4.03237 79.3937 6.83454 -13 2550 1 0 1
-104.678 -73.1611 1025.5 -15.7988 -6.35835 77.2723 4.90638 -13 2554 1 0 1
-147.657 26.3087 1025.5 -12.5017 2.1438 79.2796 5.42123 -13 2560 1 0 1
-116.422 -69.758 1025.5 -19.5246 -6.50969 77.2866 6.48444 -13 2567 1 0 1
-71.9792 95.9206 1025.5 -6.66936 7.25741 78.4837 4.71463 -13 2569 1 0 1
-120.521 -3.29831 1025.5 -10.9136 -0.53144 77.0342 6.1613 -13 2573 1 0 1
-70.6865 143.024 1025.5 -6.4869 11.1786 79.1258 7.43292 -13 2574 1 0 1
-129.147 -70.4179 1025.5 -10.8338 -5.36812 78.4911 4.62687 -13 2576 1 0 1
-7.39606 80.357 1025.5 -1.58883 5.97114 78.4274 8.13206 -13 2579 1 0 1
-122.726 36.1319 1025.5 -10.852 2.64217 79.8389 6.28339 -13 2580 1 0 1
-93.1377 79.7254 1025.5 -8.11239 6.18231 78.4712 3.04515 -13 2582 1 0 1
-134.412 100.922 1025.5 -11.3127 7.74585 76.7785 3.64117 -13 2591 1 0 1
-35.7289 123.19 1025.5 -4.14134 9.67317 79.2003 4.61184 -13 2595 1 0 1
-90.8314 68.0846 1025.5 -8.93026 5.32877 78.1153 5.25524 -13 2601 1 0 1
-91.7447 -72.2392 1025.5 -9.79364 -5.86948 80.3697 6.25089 -13 2613 1 0 1
-115.572 28.2915 1025.5 -10.2307 2.12162 80.1258 5.50332 -13 2615 1 0 1
-123.472 100.434 1025.5 -10.5077 7.65869 77.8889 5.56468 -13 2616 1 0 1
-117.886 -71.8416 1025.5 -10.0726 -5.35912 78.8236 2.02101 -13 2618 1 0 1
-139.602 -1.33757 1025.5 -11.9833 -0.0941952 81.0542 6.04568 -13 2619 1 0 1
90.8592 -77.3491 1025.5 6.09095 -6.13008 80.0618 7.10043 -13 2622 1 0 1
-115.212 81.2282 1025.5 -9.96323 6.06208 78.228 4.66455 -13 2626 1 0 1
-156.319 146.432 1025.5 -13.183 11.437 78.9195 5.19685 -13 2633 1 0 1
-104.212 28.2311 1025.5 -9.0809 2.15727 78.964 6.17324 -13 2635 1 0 1
-148.619 18.5935 1025.5 -12.3966 1.49478 78.0343 3.51971 -13 2646 1 0 1
-149.331 -71.9805 1025.5 -12.9941 -5.61519 79.6933 4.08815 -13 2654 1 0 1
-154.311 -8.74709 1025.5 -12.936 -0.559072 78.65 4.55294 -13 2655 1 0 1
-141.473 59.6819 1025.5 -11.8235 4.74978 77.8851 6.19898 -13 2658 1 0 1
-95.8736 -11.117 1025.5 -8.42273 -0.855913 78.8614 6.79449 -13 2663 1 0 1
0.681039 -98.5131 1025.5 -0.831999 -7.81528 78.5365 6.4342 -13 2669 1 0 1
-72.4558 -123.926 1025.5 -6.68813 -9.74805 78.6659 7.67758 -13 2676 1 0 1
-135.369 39.1656 1025.5 -11.2131 2.99439 77.56 4.93493 -13 2682 1 0 1
-139.129 0.795027 1025.5 -12.0457 0.23384 78.6941 4.95408 -13 2683 1 0 1
-111.884 12.7624 1025.5 -9.80285 1.08621 79.6191 4.05142 -13 2691 1 0 1
-150.712 75.9946 1025.5 -12.5165 5.87686 76.9466 4.23678 -13 2695 1 0 1
101.641 -73.8309 1025.5 6.83893 -5.87166 79.0778 6.81139 -13 2697 1 0 1
-154.617 146.82 1025.5 -13.051 11.4316 78.343 5.1869 -13 2704 1 0 1
-137.683 -70.6791 1025.5 -11.8075 -5.74549 78.2214 3.7612 -13 2708 1 0 1
-50.3228 -145.544 1025.5 -5.20412 -11.1859 79.2634 3.62491 -13 2712 1 0 1
-138.698 -11.3298 1025.5 -11.8468 -0.929185 79.4694 6.87137 -13 2718 1 0 1
-148.192 132.672 1025.5 -12.5099 10.2299 78.4639 5.87763 -13 2720 1 0 1
-35.2784 -125.225 1025.5 -3.81503 -9.84304 79.7552 3.37596 -13 2721 1 0 1
-116.849 -49.3984 1025.5 -9.97049 -3.77141 78.8915 6.48727 -13 2724 1 0 1
-141.27 -26.8689 1025.5 -12.0307 -1.93445 78.3775 5.40684 -13 2742 1 0 1
-101.582 9.13135 1025.5 -9.12302 0.546958 80.1444 6.8912 -13 2743 1 0 1
-91.0006 -45.0702 1025.5 -8.65585 -3.67074 71.9593 5.93445 -13 2747 1 0 1
-113.268 -1.92114 1025.5 -10.0605 -0.459133 80.615 6.10146 -13 2757 1 0 1
-102.825 -4.18467 1025.5 -9.00385 -0.417086 79.0951 6.18473 -13 2767 1 0 1
-93.8854 92.2929 1025.5 -8.46207 7.43358 80.428 6.2123 -13 2772 1 0 1
-156.384 -88.1349 1025.5 -13.3137 -6.96779 78.6472 6.98437 -13 2774 1 0 1
-26.1953 80.7976 1025.5 -3.27356 6.3886 79.5098 5.9931 -13 2777 1 0 1
-111.225 155.711 1025.5 -9.3868 12.0029 77.559 7.12986 -13 2779 1 0 1
-104.646 13.6118 1025.5 -9.25903 1.08531 80.1628 4.58589 -13 2786 1 0 1
-83.0943 -98.3326 1025.5 -7.64991 -7.70322 80.1113 5.68108 -13 2793 1 0 1
-155.267 -97.4958 1025.5 -12.9082 -7.6486 78.813 5.74311 -13 2796 1 0 1
-48.7632 102.523 1025.5 -4.54211 8.0313 77.9716 6.93884 -13 2803 1 0 1
-14.5998 -92.4792 1025.5 -2.20883 -7.46557 80.8204 6.29385 -13 2806 1 0 1
-119.006 -61.0494 1025.5 -10.295 -4.60925 77.5114 5.67321 -13 2808 1 0 1
-90.3586 -96.6802 1025.5 -8.10317 -7.46709 77.8763 4.87138 -13 2817 1 0 1
-154.036 117.758 1025.5 -13.2515 9.11088 78.9145 5.87231 -13 2820 1 0 1
-44.5347 -110.692 1025.5 -4.61136 -8.54829 79.1182 4.336 -13 2824 1 0 1
-107.909 39.9119 1025.5 -9.52594 3.16882 80.0979 3.10009 -13 2829 1 0 1
-75.614 -99.7145 1025.5 -7.12396 -7.96175 79.6747 5.73075 -13 2830 1 0 1
-138.061 -24.8565 1025.5 -11.9256 -1.94689 79.8795 6.96813 -13 2832 1 0 1
-141.513 -27.1227 1025.5 -12.2568 -2.0174 79.3225 4.66731 -13 2834 1 0 1
-112.895 -21.6813 1025.5 -10.2168 -1.74607 79.0132 8.04637 -13 2838 1 0 1
-115.37 -42.8402 1025.5 -10.0584 -3.09795 78.4152 4.59476 -13 2839 1 0 1
-98.699 -13.3491 1025.5 -8.63307 -1.2834 79.8449 5.9739 -13 2840 1 0 1
-153.917 93.8756 1025.5 -12.9606 7.43401 78.7784 5.19033 -13 2842 1 0 1
-130.198 18.3472 1025.5 -11.3803 1.51972 78.582 3.82923 -13 2851 1 0 1
-105.89 36.986 1025.5 -9.34011 3.02559 78.6687 4.763 -13 2852 1 0 1
-135.918 12.5121 1025.5 -11.5417 0.995404 78.8325 4.40077 -13 2858 1 0 1
-149.635 61.7255 1025.5 -12.6008 4.77116 78.5935 6.33965 -13 2859 1 0 1
-121.521 -8.82566 1025.5 -10.5733 -0.724769 79.0473 3.03714 -13 2860 1 0 1
-152.907 127.162 1025.5 -13.0409 9.82558 77.6756 7.20037 -13 2861 1 0 1
-143.868 -37.3052 1025.5 -12.3615 -2.97883 80.0486 5.96326 -13 2862 1 0 1
-125.681 60.8011 1025.5 -11.0089 4.73409 79.7015 4.76893 -13 2863 1 0 1
-142.975 10.3019 1025.5 -12.1752 0.728559 78.8627 4.41009 -13 2864 1 0 1
-156.013 47.2168 1025.5 -12.9699 3.65199 78.4924 4.03738 -13 2865 1 0 1
-97.3683 -84.4129 1025.5 -8.81027 -6.57152 80.3085 7.34662 -13 2868 1 0 1
-8.48333 109.059 1025.5 -1.77282 8.60942 80.8186 6.45073 -13 2869 1 0 1
-147.422 23.7802 1025.5 -12.7825 1.95094 80.3286 4.81019 -13 2871 1 0 1
-136.532 128.686 1025.5 -11.5807 9.76538 77.9494 6.03279 -13 2872 1 0 1
-136.192 90.4408 1025.5 -11.3039 6.88752 77.732 4.94604 -13 2874 1 0 1
-100.641 -96.5203 1025.5 -8.94178 -7.53503 79.4454 7.94296 -13 2881 1 0 1
-96.6624 105.075 1025.5 -8.42537 8.08093 77.8077 3.1569 -13 2888 1 0 1
-130.908 -104.749 1025.5 -10.9661 -7.8997 77.9858 3.32358 -13 2893 1 0 1
-152.56 19.9649 1025.5 -12.9523 1.71606 79.5379 7.30149 -13 2894 1 0 1
81.6071 6.54687 1025.5 5.38869 0.63338 79.3714 5.62873 -13 2895 1 0 1
-24.7497 -147.817 1025.5 -3.12499 -11.4151 78.6191 7.13527 -13 2900 1 0 1
127.534 -71.0942 1025.5 9.11449 -5.7195 79.7235 5.65822 -13 2903 1 0 1
-126.379 -33.1204 1025.5 -11.0192 -2.47486 80.3827 5.47663 -13 2912 1 0 1
6.01307 -82.6945 1025.5 -0.814402 -6.53104 79.6023 6.30593 -13 2915 1 0 1
-130.633 -107.837 1025.5 -11.1627 -8.41655 77.9013 5.96064 -13 2916 1 0 1
-136.796 -29.5696 1025.5 -11.6087 -2.14522 78.2501 5.28345 -13 2918 1 0 1
-126.21 38.0789 1025.5 -11.0055 2.95068 79.0698 5.81124 -13 2919 1 0 1
-119.934 -66.3049 1025.5 -20.6496 -6.31067 76.1425 8.55387 -13 2925 1 0 1
-42.987 86.3205 1025.5 -4.29605 6.89755 80.3725 5.717 -13 2927 1 0 1
-154.152 28.8957 1025.5 -12.9605 2.1743 78.8767 3.75161 -13 2928 1 0 1
-148.883 59.2391 1025.5 -12.5058 4.73748 79.2837 5.79421 -13 2929 1 0 1
-67.0734 -145.463 1025.5 -6.32651 -11.4665 78.5651 7.38098 -13 2934 1 0 1
-93.93 63.3555 1025.5 -8.77359 5.00162 81.2417 4.7737 -13 2936 1 0 1
-128.451 77.4318 1025.5 -11.0507 6.35289 79.9226 3.52456 -13 2937 1 0 1
-155.598 141.821 1025.5 -13.243 10.9211 77.5079 5.29859 -13 2939 1 0 1
-141.433 96.2805 1025.5 -12.1489 7.48514 79.4339 5.19346 -13 2940 1 0 1
-123.736 34.6612 1025.5 -10.5818 2.63349 78.4427 4.16044 -13 2942 1 0 1
-126.626 135.981 1025.5 -10.9352 10.4977 79.0814 5.1712 -13 2943 1 0 1
-120.224 14.5241 1025.5 -10.4653 0.799778 79.9301 8.99246 -13 2945 1 0 1
-143.787 79.7131 1025.5 -12.1035 6.26557 79.1922 4.50331 -13 2946 1 0 1
-93.0313 135.651 1025.5 -8.22027 10.4891 78.8219 5.3858 -13 2948 1 0 1
24.2913 120.945 1025.5 1.0605 9.49887 79.903 6.3249 -13 2954 1 0 1
-113.762 24.7147 1025.5 -9.80462 1.69865 77.7856 7.24886 -13 2958 1 0 1
-8.83792 -91.1891 1025.5 -1.57926 -6.96453 79.4315 5.2529 -13 2963 1 0 1
-114.997 -102.465 1025.5 -9.82508 -7.68641 77.1868 4.88844 -13 2979 1 0 1
-91.5801 -45.1241 1025.5 -9.73888 -3.5088 79.6727 5.90203 -13 2988 1 0 1
-25.757 -74.1887 1025.5 -5.33311 -6.02621 80.7092 3.77606 -13 2997 1 0 1
-118.818 -54.5651 1025.5 -10.6134 -4.27109 80.1943 4.81877 -13 3014 1 0 1
-1.42275 -122.235 1025.5 -1.4352 -9.46766 79.7286 7.21147 -13 3015 1 0 1
-127.162 -78.2698 1025.5 -10.7212 -6.38267 79.3767 4.48843 -13 3019 1 0 1
-107.508 116.81 1025.5 -9.6222 9.48557 79.8245 4.9864 -13 3021 1 0 1
-127.468 50.2398 1025.5 -10.876 3.78351 78.3595 4.92106 -13 3022 1 0 1
-14.1645 149.401 1025.5 -2.06373 11.5336 78.6631 7.89547 -13 3024 1 0 1
-114.195 -78.1778 1025.5 -9.65423 -6.12924 77.8919 6.63418 -13 3025 1 0 1
-36.855 -97.7848 1025.5 -4.05263 -7.71072 78.7611 4.50002 -13 3029 1 0 1
-102.987 27.1015 1025.5 -8.88185 1.95403 77.8797 5.9133 -13 3030 1 0 1
-126.615 -144.752 1025.5 -10.7776 -11.082 79.1466 5.58264 -13 3031 1 0 1
23.7882 101.127 1025.5 0.827929 7.99169 79.4439 6.0548 -13 3034 1 0 1
-118.077 -15.2195 1025.5 -10.3521 -1.55784 79.3617 5.30926 -13 3040 1 0 1
41.7902 124.335 1025.5 2.11884 9.92116 79.0261 5.62878 -13 3043 1 0 1
-149.823 55.9357 1025.5 -12.9961 4.20257 79.5096 4.20215 -13 3050 1 0 1
-89.4938 -43.1907 1025.5 -8.73963 -3.52309 80.5469 4.83813 -13 3053 1 0 1
-145.713 -133.736 1025.5 -12.4662 -10.5676 78.8103 5.68533 -13 3059 1 0 1
-142.336 89.7238 1025.5 -12.1648 7.03259 78.9327 7.46497 -13 3061 1 0 1
-128.485 -99.0802 1025.5 -10.9717 -7.91119 79.811 5.95797 -13 3062 1 0 1
30.0561 -98.5133 1025.5 1.31312 -7.97408 79.2083 6.32274 -13 3069 1 0 1
42.839 89.2965 1025.5 2.3915 6.99924 79.8058 4.59418 -13 3078 1 0 1
-153.666 26.4951 1025.5 -13.1932 2.08845 79.7008 5.69553 -13 3084 1 0 1
-138.057 42.6447 1025.5 -11.7091 3.39122 79.1883 5.89743 -13 3093 1 0 1
-54.5971 106.651 1025.5 -5.32558 8.28606 78.7989 5.08117 -13 3102 1 0 1
-151.961 -96.5682 1025.5 -12.9069 -7.65026 79.3667 6.87328 -13 3104 1 0 1
-107.327 20.231 1025.5 -9.64787 1.68072 79.3733 5.95579 -13 3106 1 0 1
-133.041 75.0166 1025.5 -11.1852 5.91991 78.2867 6.29225 -13 3109 1 0 1
14.2989 -73.8532 1025.5 -2.09637 -5.82578 79.6581 5.96659 -13 3111 1 0 1
-138.718 -63.5765 1025.5 -12.0552 -5.04709 78.9375 6.5488 -13 3113 1 0 1
-108.353 -130.084 1025.5 -9.31306 -10.1733 78.6879 4.68541 -13 3121 1 0 1
7.68481 74.625 1025.5 -1.93562 5.71399 78.9385 7.5548 -13 3126 1 0 1
-151.141 27.2913 1025.5 -12.9185 2.02089 78.939 7.81938 -13 3128 1 0 1
28.5831 114.256 1025.5 1.2124 8.60617 77.9063 8.55306 -13 3129 1 0 1
-153.637 26.5377 1025.5 -12.9802 2.06061 78.2161 7.75064 -13 3130 1 0 1
28.7859 84.7272 1025.5 1.27101 6.77474 80.2188 5.36404 -13 3135 1 0 1
-47.8917 -109.735 1025.5 -4.6446 -8.49882 77.9354 6.96508 -13 3137 1 0 1
-44.1296 -95.3099 1025.5 -4.67984 -7.45869 80.5612 5.76503 -13 3140 1 0 1
-134.072 -20.1146 1025.5 -11.4786 -1.42171 79.1146 3.30173 -13 3141 1 0 1
-146.79 -17.6887 1025.5 -12.3821 -1.24291 80.1272 7.1881 -13 3145 1 0 1
-127.465 74.0666 1025.5 -11.1551 5.81437 79.5864 6.55749 -13 3146 1 0 1
-153.202 -39.1615 1025.5 -12.7798 -2.96908 76.8348 6.86304 -13 3148 1 0 1
-132.373 -60.8627 1025.5 -11.4218 -4.85275 79.777 4.00401 -13 3155 1 0 1
-132.385 18.5638 1025.5 -11.3625 1.53127 78.9951 3.22342 -13 3170 1 0 1
-139.87 128.654 1025.5 -11.7787 9.93031 77.4909 5.29977 -13 3171 1 0 1
-142.472 140.789 1025.5 -12.2942 11.0616 79.4738 3.01405 -13 3175 1 0 1
3.08729 -113.781 1025.5 -0.698398 -9.00476 80.2713 7.48039 -13 3182 1 0 1
-109.564 58.7253 1025.5 -9.60674 4.53147 79.4164 6.25752 -13 3188 1 0 1
-129.215 -64.8369 1025.5 -11.0165 -5.03144 79.2723 6.17124 -13 3191 1 0 1
-122.859 -120.622 1025.5 -10.7124 -9.21023 78.9598 5.93901 -13 3194 1 0 1
-130.545 27.0381 1025.5 -11.0379 1.92304 78.0636 6.40663 -13 3204 1 0 1
-99.0646 67.7215 1025.5 -12.7627 5.76764 79.6207 5.7049 -13 3205 1 0 1
-91.8096 -75.5859 1025.5 -9.84635 -6.32132 78.6372 7.19192 -13 3209 1 0 1
-140.801 -71.1121 1025.5 -11.9614 -5.6379 78.6732 6.52454 -13 3211 1 0 1
-143.666 -84.5258 1025.5 -12.4974 -6.79781 80.6586 5.04773 -13 3214 1 0 1
-104.459 -106.122 1025.5 -9.08631 -8.20586 79.3188 3.92004 -13 3227 1 0 1
-94.9317 28.9998 1025.5 -8.40703 2.22984 78.6061 3.52552 -13 3230 1 0 1
-111.13 -21.5941 1025.5 -9.88093 -1.61694 79.6258 5.59748 -13 3231 1 0 1
-126.132 -117.724 1025.5 -10.8168 -9.06454 78.6503 4.6403 -13 3233 1 0 1
109.817 80.3413 1025.5 7.29738 6.14903 79.3542 4.82208 -13 3235 1 0 1
-92.5916 92.2668 1025.5 -8.36076 7.24292 79.0323 5.95832 -13 3237 1 0 1
28.249 70.9531 1025.5 -3.80118 5.68692 80.2522 5.95723 -13 3238 1 0 1
-65.7645 139.598 1025.5 -6.27774 11.0816 79.8226 6.12251 -13 3243 1 0 1
-89.1056 52.5568 1025.5 -8.086 4.15751 78.8123 3.04415 -13 3245 1 0 1
-155.075 -56.4305 1025.5 -13.3599 -4.24793 79.3164 5.42513 -13 3246 1 0 1
-130.099 -112.853 1025.5 -11.2678 -8.70304 78.0014 5.87514 -13 3248 1 0 1
-136.616 -59.518 1025.5 -11.6418 -4.48167 77.919 6.0622 -13 3254 1 0 1
-114.927 106.696 1025.5 -9.77298 8.42738 78.2487 7.77925 -13 3260 1 0 1
-151.697 -100.615 1025.5 -12.7926 -7.70005 77.9451 4.64317 -13 3263 1 0 1
-79.2319 77.5165 1025.5 -8.4138 6.34444 80.1989 5.76295 -13 3265 1 0 1
-97.3585 -72.9969 1025.5 -8.62881 -5.68676 79.2594 6.16649 -13 3270 1 0 1
-142.653 -50.1909 1025.5 -12.0913 -3.99041 78.7065 5.40934 -13 3272 1 0 1
-128.966 145.955 1025.5 -11.1987 11.588 79.4397 6.57494 -13 3283 1 0 1
-93.3355 -73.5643 1025.5 -8.54777 -5.68467 79.0855 4.39964 -13 3286 1 0 1
-113.09 53.3615 1025.5 -9.75439 4.20878 79.1697 4.02679 -13 3287 1 0 1
-125.77 -122.485 1025.5 -10.8125 -9.37214 78.1244 5.49581 -13 3288 1 0 1
-94.5198 -67.8262 1025.5 -10.9965 -5.68411 79.4149 7.05248 -13 3290 1 0 1
117.845 87.753 1025.5 8.31821 6.95454 80.7439 5.99921 -13 3291 1 0 1
-131.876 -77.2202 1025.5 -11.423 -6.01784 78.7585 7.93292 -13 3295 1 0 1
-100.143 -12.0368 1025.5 -8.91256 -1.00272 79.5433 6.45276 -13 3297 1 0 1
-90.7942 53.3863 1025.5 -9.36671 4.13903 79.8199 5.43533 -13 3303 1 0 1
-143.159 -109.225 1025.5 -12.0984 -8.57628 78.6885 6.18722 -13 3306 1 0 1
-95.8354 -46.6921 1025.5 -8.80501 -3.8061 78.7899 4.84566 -13 3307 1 0 1
-51.866 -91.7997 1025.5 -5.03927 -7.41041 79.8894 3.09669 -13 3309 1 0 1
-130.664 32.8473 1025.5 -11.2764 2.43191 79.4481 5.30316 -13 3320 1 0 1
-92.2785 -72.7062 1025.5 -8.39746 -5.84797 79.9259 4.37827 -13 3321 1 0 1
-137.863 -32.6094 1025.5 -11.9012 -2.60626 79.5969 6.4668 -13 3327 1 0 1
-118.492 -95.4434 1025.5 -10.4233 -7.22795 78.4772 6.49601 -13 3328 1 0 1
-45.1376 -89.3911 1025.5 -4.64951 -7.00852 79.9657 6.61469 -13 3332 1 0 1
-123.871 -106.617 1025.5 -10.5483 -8.43288 78.5855 3.65751 -13 3334 1 0 1
-114.981 63.1138 1025.5 -10.2417 5.18803 80.1737 5.95096 -13 3336 1 0 1
-127.941 23.4379 1025.5 -11.0006 1.92326 79.983 3.75935 -13 3339 1 0 1
-136.241 101.231 1025.5 -11.5479 8.04135 78.4024 5.12569 -13 3340 1 0 1
-90.8263 -97.9435 1025.5 -8.43447 -7.95983 81.2499 6.9367 -13 3343 1 0 1
-129.807 37.1261 1025.5 -11.1459 3.00307 78.321 3.79392 -13 3344 1 0 1
-90.7805 53.8242 1025.5 -8.8382 4.37594 79.9585 5.13721 -13 3351 1 0 1
-111.513 87.0453 1025.5 -9.86022 6.64155 79.5491 4.79915 -13 3354 1 0 1
-104.492 -1.84125 1025.5 -9.15331 -0.0595012 79.2462 4.85948 -13 3361 1 0 1
-111.502 97.8585 1025.5 -9.54824 7.488 77.9733 5.59716 -13 3371 1 0 1
-42.5718 -122.35 1025.5 -4.4528 -9.18244 78.6041 6.45512 -13 3372 1 0 1
-122.361 -116.822 1025.5 -10.5466 -9.11098 78.0051 6.85367 -13 3375 1 0 1
-145.061 -47.1127 1025.5 -12.0766 -3.54396 76.1629 4.51287 -13 3379 1 0 1
-120.083 80.516 1025.5 -10.4046 6.43022 79.7727 4.81389 -13 3381 1 0 1
-130.952 -47.6413 1025.5 -10.8383 -3.5388 77.711 5.25262 -13 3385 1 0 1
-145.984 -11.8636 1025.5 -12.5372 -1.15281 79.723 8.06015 -13 3392 1 0 1
-81.8636 79.8588 1025.5 -7.8563 6.27382 78.0852 7.17597 -13 3393 1 0 1
-152.008 -14.3645 1025.5 -12.8312 -1.00665 79.932 6.15951 -13 3394 1 0 1
-117.9 59.4446 1025.5 -10.2933 4.61269 79.5763 4.72651 -13 3398 1 0 1
-135.414 103.313 1025.5 -11.3682 7.69936 77.1001 4.30778 -13 3399 1 0 1
-62.491 102.802 1025.5 -5.86407 7.89935 78.6866 6.6975 -13 3402 1 0 1
-63.4238 111.433 1025.5 -5.94666 8.51725 78.5949 5.92518 -13 3405 1 0 1
-106.356 13.8629 1025.5 -9.50043 1.12473 79.5575 5.70977 -13 3409 1 0 1
-36.366 102.079 1025.5 -3.97209 7.84656 78.6106 5.08104 -13 3416 1 0 1
-146.325 -27.4751 1025.5 -12.3967 -2.11432 79.054 5.76647 -13 3419 1 0 1
-91.6614 73.3536 1025.5 -15.1783 6.60645 79.5446 7.16422 -13 3420 1 0 1
-45.2056 -123.311 1025.5 -4.67221 -9.98023 81.2491 5.20693 -13 3433 1 0 1
-109.918 121.413 1025.5 -9.63136 9.13015 77.8804 7.53334 -13 3434 1 0 1
-148.838 -3.18648 1025.5 -12.7626 -0.307277 79.6986 7.80094 -13 3438 1 0 1
-37.6557 123.578 1025.5 -4.00954 10.0064 80.0837 6.02874 -13 3446 1 0 1
-118.345 -64.3343 1025.5 -10.1926 -5.10442 79.5127 7.81797 -13 3448 1 0 1
-151.264 59.4318 1025.5 -12.7066 4.73343 78.8467 3.94334 -13 3453 1 0 1
-128.419 -61.8109 1025.5 -11.1143 -4.87167 79.3762 5.82876 -13 3457 1 0 1
-94.2405 -43.9856 1025.5 -8.5075 -3.58355 79.1192 7.43744 -13 3458 1 0 1
-92.976 -54.5303 1025.5 -10.4132 -4.41276 79.9344 5.15668 -13 3462 1 0 1
-98.0581 23.8746 1025.5 -8.71115 1.82872 80.1071 4.11325 -13 3464 1 0 1
122.969 142.472 1025.5 8.47773 11.0552 79.8322 6.73714 -13 3474 1 0 1
-98.3868 -57.9232 1025.5 -8.56274 -4.42831 79.4297 5.32257 -13 3477 1 0 1
64.0138 -108.592 1025.5 3.88634 -8.30064 79.0309 5.54411 -13 3482 1 0 1
-69.2206 151.787 1025.5 -6.40057 12.0098 79.9249 6.29713 -13 3484 1 0 1
-92.1069 -50.4851 1025.5 -10.1 -4.181 79.6544 6.61289 -13 3490 1 0 1
-112.972 -90.6934 1025.5 -9.96232 -7.29674 79.4765 5.74439 -13 3495 1 0 1
-86.2455 100.555 1025.5 -7.62 7.54814 77.9601 5.09412 -13 3498 1 0 1
-118.357 -36.2227 1025.5 -10.1729 -3.02594 78.863 2.86582 -13 3502 1 0 1
-96.0795 -42.8268 1025.5 -8.58112 -3.31427 78.5524 5.39708 -13 3507 1 0 1
-149.902 40.4214 1025.5 -12.8452 3.18916 79.8108 4.9641 -13 3508 1 0 1
-146.369 21.0728 1025.5 -12.7392 1.56602 80.0019 7.90873 -13 3509 1 0 1
-123.301 66.6514 1025.5 -10.6635 4.99087 78.4449 6.90913 -13 3510 1 0 1
-129.345 8.17475 1025.5 -11.1168 0.626785 78.5798 6.55222 -13 3511 1 0 1
-93.3794 -122.06 1025.5 -8.42127 -9.33721 78.0503 5.89978 -13 3518 1 0 1
-105.193 -76.9999 1025.5 -9.06616 -6.07123 79.3823 6.24234 -13 3519 1 0 1
-143.981 -70.0699 1025.5 -12.3732 -5.61784 79.6041 4.78124 -13 3520 1 0 1
-115.961 -84.1879 1025.5 -10.0326 -6.68044 78.5748 5.00825 -13 3521 1 0 1
-77.937 125.348 1025.5 -7.27413 9.75329 79.371 5.50201 -13 3524 1 0 1
-104.311 -156.078 1025.5 -9.33195 -12.3931 79.4704 9.66273 -13 3525 1 0 1
-155.896 127.988 1025.5 -13.0608 10.1628 78.5323 8.38227 -13 3527 1 0 1
-137.052 -62.6522 1025.5 -11.6574 -4.79112 77.6078 5.67978 -13 3530 1 0 1
-131.028 -33.1996 1025.5 -11.2573 -2.5335 78.6356 3.56437 -13 3534 1 0 1
-126.304 -59.2306 1025.5 -11.0844 -4.44595 79.6088 3.60207 -13 3536 1 0 1
-55.7641 -87.3294 1025.5 -5.31996 -6.68955 78.2162 6.57562 -13 3548 1 0 1
-49.6824 92.8193 1025.5 -4.96415 7.36176 79.8723 4.78818 -13 3549 1 0 1
-152.852 -37.7235 1025.5 -12.9437 -2.98591 79.3757 3.51897 -13 3551 1 0 1
-141.473 64.8995 1025.5 -12.0878 5.24027 78.3216 6.80602 -13 3562 1 0 1
-108.153 -32.2247 1025.5 -9.64092 -2.6892 79.8375 4.71068 -13 3564 1 0 1
-24.3367 82.4564 1025.5 -3.01838 6.38167 79.4282 5.44635 -13 3568 1 0 1
-130.026 8.91481 1025.5 -11.4294 0.642277 79.434 4.02447 -13 3569 1 0 1
-62.4233 -78.9448 1025.5 -5.9642 -6.21151 79.7235 3.33221 -13 3573 1 0 1
-31.9521 93.2047 1025.5 -3.74163 7.40933 81.0804 6.39966 -13 3580 1 0 1
-122.969 -65.6516 1025.5 -10.4853 -5.21814 78.0576 4.14969 -13 3588 1 0 1
-150.731 55.4421 1025.5 -13.1012 4.36054 80.2456 5.21233 -13 3591 1 0 1
-71.4405 -125.098 1025.5 -6.51864 -9.61402 78.8386 6.67553 -13 3593 1 0 1
-53.6715 94.4307 1025.5 -5.41717 7.45056 79.9614 7.01699 -13 3598 1 0 1
-132.293 -91.4723 1025.5 -11.27 -6.77772 77.9208 6.15243 -13 3606 1 0 1
-94.7844 -59.7699 1025.5 -10.7146 -5.13658 78.4027 8.10515 -13 3607 1 0 1
-142.266 -106.322 1025.5 -12.0376 -8.33574 79.0481 5.72986 -13 3611 1 0 1
-50.7439 156.123 1025.5 -5.07214 11.9865 77.5452 5.85199 -13 3612 1 0 1
-125.758 -31.2106 1025.5 -11.1235 -2.63254 79.6363 6.50079 -13 3615 1 0 1
-139.731 -58.848 1025.5 -11.8721 -4.49165 78.4271 7.31238 -13 3624 1 0 1
-48.1368 75.5364 1025.5 -7.61355 6.40282 79.7974 5.69259 -13 3627 1 0 1
-83.635 -92.727 1025.5 -7.50346 -7.20635 79.3577 6.92667 -13 3628 1 0 1
-134.302 3.59107 1025.5 -11.7242 0.248971 79.2543 6.27532 -13 3629 1 0 1
-48.7423 -87.1639 1025.5 -4.80444 -6.89803 79.2219 6.1813 -13 3632 1 0 1
-147.401 111.753 1025.5 -12.1967 8.65715 78.4123 5.90042 -13 3633 1 0 1
-118.704 -95.9107 1025.5 -10.6123 -7.58613 80.5212 6.12473 -13 3634 1 0 1
-146.428 106.843 1025.5 -12.5227 8.38576 77.8083 6.96053 -13 3635 1 0 1
-135.02 61.0238 1025.5 -11.5034 4.79534 79.4596 6.48075 -13 3641 1 0 1
-125.006 -55.6758 1025.5 -10.9287 -4.35637 79.1862 5.69375 -13 3642 1 0 1
-55.7916 -86.7928 1025.5 -5.32693 -6.60664 78.2016 4.62501 -13 3644 1 0 1
-111.044 6.64627 1025.5 -9.76728 0.513445 80.138 6.58385 -13 3649 1 0 1
-140.655 -74.8931 1025.5 -11.9487 -6.01989 79.2673 5.08532 -13 3655 1 0 1
-140.314 -45.9895 1025.5 -11.92 -3.52998 79.081 4.77004 -13 3657 1 0 1
-139.952 36.1083 1025.5 -12.0422 3.15233 79.63 6.17513 -13 3659 1 0 1
-142.045 46.5616 1025.5 -12.2354 3.49954 79.3318 6.65491 -13 3660 1 0 1
-153.111 57.2684 1025.5 -13.0471 4.47275 79.6981 6.20138 -13 3661 1 0 1
-153.391 -67.4553 1025.5 -13.1219 -5.42891 79.7594 6.23928 -13 3662 1 0 1
-115.58 -155.685 1025.5 -10.0378 -12.1676 78.6033 5.28996 -13 3665 1 0 1
9.00497 104.225 1025.5 -0.212336 8.3059 79.9633 5.41413 -13 3666 1 0 1
-100.249 -47.3117 1025.5 -8.92488 -3.70264 79.7045 5.92621 -13 3668 1 0 1
-145.425 153.034 1025.5 -12.3378 11.88 77.8141 7.17263 -13 3670 1 0 1
-42.0403 132.175 1025.5 -4.51708 10.4339 79.4967 5.60082 -13 3693 1 0 1
-152.436 -84.4808 1025.5 -12.9086 -6.5174 78.2266 7.77612 -13 3695 1 0 1
-129.22 59.9186 1025.5 -11.4223 4.84899 80.6397 6.53002 -13 3698 1 0 1
-121.683 23.0259 1025.5 -10.422 1.66701 78.8785 5.65332 -13 3700 1 0 1
-75.7007 102.845 1025.5 -6.79178 8.08503 79.5162 4.90969 -13 3704 1 0 1
-72.3939 -83.1369 1025.5 -7.14297 -6.75053 79.5987 3.99091 -13 3706 1 0 1
-56.1463 89.2286 1025.5 -5.08972 6.94292 78.4732 5.06095 -13 3710 1 0 1
-107.981 -73.9174 1025.5 -9.67865 -5.75175 78.9318 7.14141 -13 3711 1 0 1
-147.64 -131.292 1025.5 -12.5191 -10.1676 78.5734 6.97914 -13 3714 1 0 1
-64.8741 -145.101 1025.5 -6.14706 -11.3721 79.5328 5.12318 -13 3715 1 0 1
-134.69 -94.3819 1025.5 -11.3788 -7.38153 78.1309 3.37506 -13 3718 1 0 1
-150.428 1.39302 1025.5 -12.5468 0.0531987 77.9503 8.29067 -13 3721 1 0 1
-110.416 60.722 1025.5 -9.80078 4.84785 79.3759 4.65563 -13 3728 1 0 1
-28.6331 -116.167 1025.5 -3.20027 -9.20256 79.2335 5.22931 -13 3732 1 0 1
-151.695 37.0613 1025.5 -12.8283 2.8548 78.5934 6.84853 -13 3733 1 0 1
-42.3665 -95.4283 1025.5 -4.03767 -7.51338 78.7406 5.07111 -13 3737 1 0 1
-6.56958 86.6876 1025.5 -1.63726 6.8263 79.0454 5.44175 -13 3744 1 0 1
-126.257 2.00961 1025.5 -10.8696 0.170538 79.6118 3.59856 -13 3747 1 0 1
-92.5177 61.0018 1025.5 -8.23495 4.53234 78.2837 5.435 -13 3749 1 0 1
-156.168 129.21 1025.5 -13.2613 10.0054 78.1811 4.68469 -13 3755 1 0 1
-103.174 24.1023 1025.5 -9.26027 1.91739 80.0774 4.31965 -13 3759 1 0 1
-93.8733 49.7401 1025.5 -10.6833 3.91707 79.6152 6.70027 -13 3760 1 0 1
-151.958 -86.2908 1025.5 -13.008 -6.63397 79.2212 4.91766 -13 3761 1 0 1
-111.475 8.49529 1025.5 -9.80812 0.77681 79.3861 4.3486 -13 3763 1 0 1
-149.048 122.118 1025.5 -12.6919 9.63793 78.3786 5.76045 -13 3764 1 0 1
-84.2228 -75.9012 1025.5 -10.2927 -6.50072 80.7204 5.57631 -13 3766 1 0 1
-124.858 19.6807 1025.5 -10.7359 1.62453 79.477 5.15549 -13 3772 1 0 1
-129.512 27.6017 1025.5 -11.0126 2.17716 78.2098 4.6849 -13 3781 1 0 1
-128.07 7.37179 1025.5 -10.9743 0.598305 78.1231 6.6217 -13 3788 1 0 1
71.8609 -79.3977 1025.5 4.5288 -6.13871 79.5657 5.41321 -13 3790 1 0 1
-133.133 -40.2275 1025.5 -11.2989 -3.17049 79.6523 5.67769 -13 3792 1 0 1
-126.688 1.43358 1025.5 -10.8851 0.173327 78.7101 6.79748 -13 3797 1 0 1
-109.661 -155.903 1025.5 -9.3614 -11.7342 77.0585 6.25818 -13 3800 1 0 1
-56.476 73.2912 1025.5 -9.16778 6.09782 81.0452 4.33452 -13 3805 1 0 1
-92.6703 -65.4708 1025.5 -8.27338 -5.41083 80.4651 5.71475 -13 3806 1 0 1
-54.9735 -74.5791 1025.5 -7.64599 -5.97406 79.2958 8.35144 -13 3808 1 0 1
-154.65 -83.5192 1025.5 -13.1387 -6.41383 78.6948 5.33045 -13 3811 1 0 1
-115.052 -65.1135 1025.5 -9.9161 -5.01782 79.2322 4.7755 -13 3816 1 0 1
-119.648 -55.447 1025.5 -10.5253 -4.25787 79.6617 5.64364 -13 3818 1 0 1
-155.046 37.3901 1025.5 -12.9577 2.97774 78.4236 6.35527 -13 3819 1 0 1
-122.683 -25.1512 1025.5 -10.4846 -2.09003 79.3288 5.8863 -13 3827 1 0 1
-51.5054 112.004 1025.5 -5.0859 8.80893 79.858 7.15761 -13 3828 1 0 1
-150.085 80.7112 1025.5 -12.9925 6.53425 80.9153 4.71442 -13 3830 1 0 1
-118.516 -108.857 1025.5 -10.196 -8.47338 78.1575 4.51092 -13 3837 1 0 1
-72.7828 104.678 1025.5 -6.66389 8.05892 78.9751 6.80697 -13 3838 1 0 1
-143.616 76.7271 1025.5 -11.8415 5.87788 78.1136 4.74149 -13 3839 1 0 1
-110.444 -16.3078 1025.5 -9.60483 -1.22938 79.2157 7.30607 -13 3843 1 0 1
-76.2275 -132.067 1025.5 -6.9553 -10.2805 79.9655 5.43448 -13 3848 1 0 1
-27.692 77.7329 1025.5 -4.23493 6.41325 80.572 5.66548 -13 3851 1 0 1
-53.3051 137.643 1025.5 -5.09063 10.5087 77.9211 6.09081 -13 3852 1 0 1
-144.42 -93.59 1025.5 -12.1671 -7.32158 77.7197 5.29374 -13 3855 1 0 1
-110.667 131.428 1025.5 -9.69224 10.4307 79.2664 3.80664 -13 3856 1 0 1
-114.582 -115.228 1025.5 -9.97173 -8.95482 78.7604 4.42976 -13 3857 1 0 1
-121.021 81.1736 1025.5 -10.2065 6.41683 77.9494 5.19323 -13 3864 1 0 1
-105.25 -8.43874 1025.5 -9.45311 -0.677898 79.5084 6.47881 -13 3881 1 0 1
-133.724 110.449 1025.5 -11.3337 8.68322 79.671 5.48992 -13 3885 1 0 1
-144.587 33.1914 1025.5 -12.2256 2.52035 78.2243 6.41475 -13 3897 1 0 1
-151.305 100.79 1025.5 -12.5741 8.04795 77.9286 4.77998 -13 3903 1 0 1
-125.936 -137.745 1025.5 -10.556 -10.4943 76.4828 8.04029 -13 3904 1 0 1
-121.753 -70.691 1025.5 -10.399 -5.5764 78.0462 7.16123 -13 3914 1 0 1
-102.945 -91.7465 1025.5 -9.35257 -7.21949 80.1485 4.61833 -13 3918 1 0 1
-129.38 -65.0743 1025.5 -10.9191 -5.08315 78.5975 5.3625 -13 3922 1 0 1
-12.3315 -82.924 1025.5 -2.16723 -6.53463 78.467 4.03868 -13 3924 1 0 1
-41.7887 -148.719 1025.5 -4.37647 -11.9473 79.631 5.75169 -13 3926 1 0 1
-89.1906 35.0716 1025.5 -8.71469 2.7753 81.0708 5.09048 -13 3929 1 0 1
146.665 147.803 1025.5 10.4272 11.5406 79.0433 5.8031 -13 3934 1 0 1
-60.2048 75.8169 1025.5 -7.83348 6.22426 79.6281 6.5207 -13 3939 1 0 1
-105.347 33.3016 1025.5 -9.39523 2.73315 79.3505 7.90123 -13 3942 1 0 1
-117.432 -66.9017 1025.5 -19.9892 -6.34171 77.6834 6.01772 -13 3950 1 0 1
4.98106 -147.579 1025.5 -0.692728 -12.0415 81.3915 5.54794 -13 3952 1 0 1
-136.069 -36.1782 1025.5 -11.7107 -2.68435 79.4652 7.47183 -13 3955 1 0 1
-150.66 -56.8715 1025.5 -12.7627 -4.28025 78.2236 5.29532 -13 3956 1 0 1
-55.5956 78.7998 1025.5 -5.98137 6.44226 80.9209 5.68061 -13 3959 1 0 1
-118.952 18.1409 1025.5 -10.5435 1.42979 79.5629 4.20057 -13 3960 1 0 1
-139.971 -47.9604 1025.5 -11.707 -3.51148 78.5897 4.74655 -13 3962 1 0 1
-5.19542 -104.99 1025.5 -1.58203 -8.37739 80.3267 5.29605 -13 3967 1 0 1
-151.597 55.7656 1025.5 -12.841 4.31488 78.9103 7.42407 -13 3969 1 0 1
-147.358 -26.684 1025.5 -12.4278 -1.86567 78.4032 6.00683 -13 3970 1 0 1
-131.587 21.2008 1025.5 -11.104 1.65132 78.1841 6.49195 -13 3971 1 0 1
-113.904 -77.1416 1025.5 -9.86948 -6.05846 79.6258 4.7003 -13 3973 1 0 1
-15.9929 127.97 1025.5 -2.48385 10.1756 79.8765 4.87605 -13 3985 1 0 1
-125.977 -64.9898 1025.5 -11.1521 -5.10217 80.2872 4.10679 -13 3988 1 0 1
-117.016 -21.1755 1025.5 -10.1502 -1.75084 79.0526 5.955 -13 3997 1 0 1
-119.251 -73.1791 1025.5 -10.3645 -5.79077 78.889 6.36044 -13 3999 1 0 1
-103.982 -116.472 1025.5 -9.1606 -9.16192 78.9959 5.95589 -13 4006 1 0 1
-133.318 12.8397 1025.5 -11.3785 1.14715 78.6652 5.77357 -13 4010 1 0 1
-94.8739 -55.6426 1025.5 -11.0646 -4.71018 80.2441 5.44134 -13 4016 1 0 1
27.2669 -124.568 1025.5 0.746882 -9.81135 79.714 5.11438 -13 4022 1 0 1
-89.4288 -33.9332 1025.5 -8.23871 -2.58733 80.3061 5.60136 -13 4023 1 0 1
-113.288 -5.83169 1025.5 -9.96764 -0.523231 79.8575 4.63528 -13 4026 1 0 1
-143.412 -68.9144 1025.5 -12.0323 -5.26501 77.5667 5.9783 -13 4029 1 0 1
78.4774 -138.619 1025.5 5.00042 -10.6756 78.8266 7.40856 -13 4032 1 0 1
-126.555 41.4407 1025.5 -10.9511 3.33182 79.0319 8.22448 -13 4036 1 0 1
-136.63 153.676 1025.5 -11.7803 11.9591 78.2399 5.37603 -13 4042 1 0 1
-111.307 -57.1433 1025.5 -9.70377 -4.38196 78.2695 5.4037 -13 4043 1 0 1
-57.9823 116.096 1025.5 -5.63775 9.17948 79.0559 8.26162 -13 4044 1 0 1
-62.5102 -119.293 1025.5 -6.0456 -9.31309 78.976 7.10482 -13 4056 1 0 1
-123.77 -72.5257 1025.5 -10.5793 -5.42545 78.4552 5.37006 -13 4057 1 0 1
-113.611 -102.182 1025.5 -9.90248 -7.74405 78.5572 6.95716 -13 4060 1 0 1
-152.878 -43.5279 1025.5 -12.9314 -3.50012 79.3322 4.9332 -13 4062 1 0 1
-23.6384 124.017 1025.5 -3.05725 9.86322 80.2709 9.44304 -13 4067 1 0 1
-54.5045 -79.2275 1025.5 -5.64768 -6.28036 79.518 4.25908 -13 4077 1 0 1
-124.913 -39.9244 1025.5 -10.9258 -3.09951 80.5154 2.48141 -13 4086 1 0 1
-98.5734 81.7078 1025.5 -9.09174 6.59916 80.3988 4.19713 -13 4098 1 0 1
-111.563 -31.8127 1025.5 -9.93194 -2.5227 78.9353 5.56156 -13 4101 1 0 1
-92.5338 112.135 1025.5 -8.03131 8.61341 79.0693 5.79398 -13 4104 1 0 1
42.1809 155.218 1025.5 2.19378 12.0681 79.301 6.7492 -13 4108 1 0 1
-119.361 12.1373 1025.5 -10.4609 1.20173 79.5901 7.01238 -13 4110 1 0 1
-110.59 -71.5943 1025.5 -9.84163 -5.5578 79.4892 8.36681 -13 4118 1 0 1
78.2227 34.4705 1025.5 4.90313 2.87636 79.8412 4.39522 -13 4120 1 0 1
-115.384 45.2429 1025.5 -10.0748 3.63883 80.0091 4.02631 -13 4123 1 0 1
-78.5722 134.193 1025.5 -7.11124 10.4974 78.8687 6.39338 -13 4130 1 0 1
-141.471 47.6638 1025.5 -11.9286 3.96577 79.3167 6.80289 -13 4132 1 0 1
-124.226 -139.674 1025.5 -10.9562 -10.8628 79.6141 6.08879 -13 4145 1 0 1
-92.1197 -47.4664 1025.5 -9.76614 -3.75434 80.016 4.82622 -13 4147 1 0 1
-136.125 -3.08436 1025.5 -11.6992 -0.222611 78.8297 5.48093 -13 4149 1 0 1
-123.448 90.9956 1025.5 -10.6929 7.2444 80.0143 6.91129 -13 4151 1 0 1
-59.0818 90.7891 1025.5 -5.84319 7.15194 79.2164 7.06939 -13 4157 1 0 1
-67.4731 82.9439 1025.5 -6.56364 6.62213 80.2882 4.64348 -13 4162 1 0 1
76.1349 -33.3102 1025.5 4.99727 -2.6603 80.303 5.31261 -13 4164 1 0 1
-135.298 90.1459 1025.5 -11.5298 6.97174 78.9026 6.27165 -13 4166 1 0 1
-89.439 -51.891 1025.5 -8.67118 -4.14147 80.4107 6.34345 -13 4170 1 0 1
-63.8554 111.081 1025.5 -6.07592 8.74429 79.3471 5.99708 -13 4174 1 0 1
-109.383 -0.119772 1025.5 -9.72061 0.0749267 80.1733 5.93501 -13 4180 1 0 1
-155.3 152.915 1025.5 -13.0385 11.5169 77.3146 5.02969 -13 4186 1 0 1
-106.759 35.8681 1025.5 -9.2996 2.95454 78.4773 6.99119 -13 4202 1 0 1
-145.997 42.3117 1025.5 -12.6869 3.27979 79.9829 5.34082 -13 4207 1 0 1
-144.162 -13.4857 1025.5 -12.2406 -1.03971 78.1435 4.33452 -13 4219 1 0 1
-140.783 -51.2149 1025.5 -12.0616 -3.75592 78.2166 6.24412 -13 4220 1 0 1
-111.86 -87.4019 1025.5 -9.8316 -6.7363 78.6071 7.94358 -13 4224 1 0 1
-128.07 -1.98184 1025.5 -11.0881 -0.166627 78.9008 9.8316 -13 4227 1 0 1
-152.595 -154.315 1025.5 -12.9562 -12.0293 78.1989 5.94647 -13 4229 1 0 1
-114.392 -96.4805 1025.5 -10.2065 -7.69493 79.8168 5.09099 -13 4234 1 0 1
-70.3535 155.382 1025.5 -6.6094 12.2935 78.9376 5.99959 -13 4238 1 0 1
-134.36 -34.2358 1025.5 -11.3798 -2.50657 78.5101 6.07408 -13 4249 1 0 1
-100.561 1.33728 1025.5 -8.82676 0.220028 79.6443 6.63245 -13 4250 1 0 1
-110.705 -133.926 1025.5 -9.78019 -10.5312 79.236 5.93252 -13 4256 1 0 1
-142.97 -20.2611 1025.5 -12.1793 -1.56301 79.0832 7.84049 -13 4257 1 0 1
-140.239 -152.513 1025.5 -12.0269 -11.8982 79.2893 4.41306 -13 4258 1 0 1
-106.326 35.0919 1025.5 -9.40754 2.73097 79.7689 3.55504 -13 4271 1 0 1
-113.549 91.6944 1025.5 -9.85394 6.98639 78.915 5.93501 -13 4285 1 0 1
-77.0028 73.3663 1025.5 -11.4417 6.14716 78.8787 5.12732 -13 4299 1 0 1
-1.59988 78.7926 1025.5 -1.61733 6.25528 79.5087 7.53497 -13 4301 1 0 1
-78.8949 80.159 1025.5 -7.42007 6.35288 79.4746 5.98966 -13 4302 1 0 1
-111.392 13.9235 1025.5 -9.84129 0.930109 79.031 4.77021 -13 4309 1 0 1
-96.1645 51.1403 1025.5 -8.6405 3.88669 80.6267 5.61464 -13 4310 1 0 1
-143.523 -6.71873 1025.5 -12.2579 -0.465743 78.3484 4.38006 -13 4323 1 0 1
-92.6669 -109.928 1025.5 -8.4587 -8.75783 80.0813 6.57742 -13 4325 1 0 1
-114.651 31.4392 1025.5 -9.97948 2.40707 78.251 6.8683 -13 4343 1 0 1
-82.8196 -109.029 1025.5 -7.32262 -8.57748 78.842 6.72544 -13 4347 1 0 1
-113.065 95.5325 1025.5 -9.94076 7.43336 79.4579 8.7064 -13 4348 1 0 1
-150.591 62.8804 1025.5 -12.751 4.90863 78.0903 5.97576 -13 4351 1 0 1
-146.294 -35.3329 1025.5 -12.4786 -2.62861 79.4424 6.37507 -13 4352 1 0 1
-131.107 -30.3628 1025.5 -11.214 -2.49813 79.9508 6.16795 -13 4353 1 0 1
-131.274 141.659 1025.5 -11.3254 11.1431 78.2572 6.13572 -13 4362 1 0 1
-116.218 -130.781 1025.5 -10.05 -10.1633 77.9976 6.3207 -13 4363 1 0 1
-112.335 -35.936 1025.5 -9.9424 -2.66872 79.4683 5.25393 -13 4367 1 0 1
-103.254 -80.9886 1025.5 -8.91984 -6.21233 77.9761 7.19253 -13 4368 1 0 1
-91.4192 67.3129 1025.5 -9.73599 5.64355 79.6214 3.70667 -13 4372 1 0 1
-145.419 -76.1031 1025.5 -12.3444 -5.99468 79.7094 7.4584 -13 4374 1 0 1
-145.273 -111.043 1025.5 -12.3609 -8.50162 77.7759 4.85672 -13 4380 1 0 1
-154.174 30.2606 1025.5 -13.1109 2.32585 79.0916 5.95604 -13 4383 1 0 1
-112.197 2.00225 1025.5 -9.69751 -0.0545687 79.6804 5.8196 -13 4389 1 0 1
-97.0224 118.925 1025.5 -8.57205 9.26391 78.2697 4.10691 -13 4394 1 0 1
-93.7252 -147.615 1025.5 -8.33591 -11.6155 79.4415 5.74979 -13 4399 1 0 1
-117.251 -16.2787 1025.5 -10.112 -1.3654 78.7252 7.12309 -13 4405 1 0 1
-131.165 -24.5465 1025.5 -11.0448 -1.76064 77.6994 5.40069 -13 4410 1 0 1
-128.95 -11.674 1025.5 -11.6055 -0.870443 80.855 5.15187 -13 4414 1 0 1
-130.256 -45.1506 1025.5 -11.2252 -3.60237 78.8407 3.85504 -13 4421 1 0 1
-123.297 -35.7024 1025.5 -10.6469 -2.61778 79.1235 4.78621 -13 4432 1 0 1
-122.352 -26.1072 1025.5 -10.7162 -2.23253 79.9225 7.1088 -13 4435 1 0 1
-92.045 148.684 1025.5 -7.97457 11.3489 77.7526 7.67673 -13 4437 1 0 1
-91.4401 57.7454 1025.5 -8.47979 4.38833 79.9519 5.67798 -13 4441 1 0 1
-135.302 -45.8919 1025.5 -11.3094 -3.4602 77.4765 5.1109 -13 4446 1 0 1
-142.391 113.413 1025.5 -11.7154 8.65973 76.7108 5.7533 -13 4447 1 0 1
-130 -20.6363 1025.5 -10.9525 -1.52596 78.1104 6.15726 -13 4449 1 0 1
-138.371 -117.885 1025.5 -11.6884 -9.0144 78.395 4.75362 -13 4452 1 0 1
-99.4304 -51.3142 1025.5 -8.81171 -3.71821 79.4305 5.72033 -13 4463 1 0 1
-93.1875 -88.3966 1025.5 -8.56425 -7.01038 78.5662 4.43143 -13 4466 1 0 1
-146.712 -9.88235 1025.5 -12.57 -0.88776 78.6108 6.3153 -13 4469 1 0 1
-94.6802 -134.747 1025.5 -8.11134 -10.5636 77.3486 4.23803 -13 4472 1 0 1
-129.675 48.2467 1025.5 -11.0158 3.64527 78.0915 4.40856 -13 4476 1 0 1
-122.404 56.013 1025.5 -10.5617 4.65992 80.0829 5.13031 -13 4486 1 0 1
-65.8319 127.175 1025.5 -6.24704 10.0935 80.5336 7.6645 -13 4489 1 0 1
-103.158 143.349 1025.5 -9.22697 11.2339 79.3743 5.4075 -13 4495 1 0 1
-136.447 -17.3607 1025.5 -11.7213 -0.977962 77.6995 7.52019 -13 4498 1 0 1
-146.264 40.2321 1025.5 -12.1594 3.11485 78.058 5.32437 -13 4502 1 0 1
55.4674 69.5977 1025.5 1.32647 5.37065 80.2108 5.57489 -13 4503 1 0 1
-102.425 53.6502 1025.5 -8.8254 4.14216 78.4569 6.25169 -13 4505 1 0 1
-112.122 -14.0722 1025.5 -9.97212 -0.980739 80.3121 5.14396 -13 4512 1 0 1
-141.445 -23.0319 1025.5 -12.0606 -1.90278 78.8021 5.3093 -13 4514 1 0 1
-106.297 36.553 1025.5 -9.3543 2.95236 79.2397 3.25796 -13 4515 1 0 1
-51.8566 -149.605 1025.5 -5.16764 -11.7148 79.0591 6.96026 -13 4517 1 0 1
-131.04 -96.9304 1025.5 -11.205 -7.52455 78.669 4.90647 -13 4518 1 0 1
-68.967 97.5518 1025.5 -6.43396 7.49119 78.9945 6.32349 -13 4519 1 0 1
-133.44 36.2802 1025.5 -11.3273 2.65064 77.8381 4.39716 -13 4520 1 0 1
-90.3018 -58.4208 1025.5 -7.94235 -4.68035 77.8514 7.00408 -13 4522 1 0 1
-112.64 -41.3896 1025.5 -9.93983 -3.44169 79.0305 5.95876 -13 4524 1 0 1
30.4548 107.482 1025.5 1.2981 8.40698 79.2893 7.3071 -13 4525 1 0 1
-123.021 87.4384 1025.5 -10.6503 6.68756 79.5239 7.38603 -13 4529 1 0 1
-122.605 17.4473 1025.5 -10.7097 1.28146 79.3409 6.36024 -13 4530 1 0 1
-71.5299 94.2076 1025.5 -6.67646 7.43145 79.9559 5.84223 -13 4535 1 0 1
-124.995 -23.323 1025.5 -11.1927 -1.83803 81.7951 5.15048 -13 4539 1 0 1
-153.084 -76.4136 1025.5 -12.9716 -5.86545 77.6854 6.75089 -13 4540 1 0 1
-152.076 -9.16788 1025.5 -12.9008 -0.762995 78.6517 5.60094 -13 4543 1 0 1
-117.653 -2.31789 1025.5 -10.5833 -0.313354 81.038 5.3914 -13 4547 1 0 1
-140.81 -12.6986 1025.5 -12.0307 -0.775269 78.7406 5.69402 -13 4552 1 0 1
-119.137 -150.367 1025.5 -9.95708 -11.36 76.4108 7.01283 -13 4562 1 0 1
-133.677 71.5725 1025.5 -26.7404 7.39288 74.9141 6.52338 -13 4564 1 0 1
-133.643 131.492 1025.5 -11.456 10.4058 78.505 7.63364 -13 4565 1 0 1
-74.3564 127.947 1025.5 -6.92297 10.0356 79.346 5.02899 -13 4567 1 0 1
-90.6256 81.2285 1025.5 -8.32631 6.55347 79.4499 5.07102 -13 4571 1 0 1
-119.788 -108.066 1025.5 -10.2817 -8.52084 79.674 2.58747 -13 4573 1 0 1
-154.015 76.8324 1025.5 -12.6805 5.90477 77.9414 4.75711 -13 4577 1 0 1
-56.2374 122.033 1025.5 -5.37578 9.53258 79.1809 5.68772 -13 4583 1 0 1
-110.18 -97.5434 1025.5 -9.57248 -7.72935 79.1959 5.85355 -13 4588 1 0 1
-120.222 32.5036 1025.5 -10.2236 2.70565 79.0604 4.8694 -13 4589 1 0 1
-126.437 65.2589 1025.5 -18.9751 5.60598 64.2109 5.8631 -13 4590 1 0 1
-110.249 64.3074 1025.5 -9.57471 5.00603 78.6874 4.18963 -13 4591 1 0 1
-96.7029 22.9966 1025.5 -8.52994 1.73212 79.1145 6.27385 -13 4593 1 0 1
-138.518 36.0457 1025.5 -11.7894 2.85158 79.264 5.94386 -13 4598 1 0 1
-77.0392 106.799 1025.5 -7.02303 8.52555 78.6813 5.57892 -13 4606 1 0 1
-65.5286 74.3771 1025.5 -9.78439 6.25182 79.8125 5.70382 -13 4610 1 0 1
-122.51 -24.5647 1025.5 -10.5395 -1.93999 78.5124 7.46542 -13 4611 1 0 1
-145.545 -8.0431 1025.5 -12.2964 -0.632289 79.3448 5.56299 -13 4614 1 0 1
-155.944 20.2675 1025.5 -13.2912 1.74887 79.9915 7.42888 -13 4617 1 0 1
-84.4217 -104.518 1025.5 -7.56803 -8.28967 78.7983 3.3957 -13 4620 1 0 1
-153.679 59.04 1025.5 -12.7556 4.4603 77.5618 5.97667 -13 4621 1 0 1
-92.0443 -73.5707 1025.5 -8.37638 -5.8441 79.3942 7.04642 -13 4626 1 0 1
-98.6328 4.83317 1025.5 -8.6869 0.412102 79.259 4.78385 -13 4628 1 0 1
-116.4 143.169 1025.5 -10.0352 11.1293 78.1898 7.2763 -13 4636 1 0 1
-125.734 39.9712 1025.5 -10.9437 3.3583 79.5279 5.02699 -13 4638 1 0 1
-141.508 -22.4194 1025.5 -11.8963 -1.62938 78.4581 5.53662 -13 4642 1 0 1
-118.665 52.6591 1025.5 -10.1927 4.12365 77.8492 7.09221 -13 4644 1 0 1
-150.832 -131.324 1025.5 -13.0241 -10.3558 79.6193 3.18748 -13 4646 1 0 1
40.5866 -106.028 1025.5 2.09755 -8.19419 80.7626 6.28376 -13 4648 1 0 1
-54.9705 -100.917 1025.5 -5.47465 -8.165 81.5104 6.85194 -13 4659 1 0 1
-67.5866 75.3476 1025.5 -8.50874 6.17842 79.225 6.54458 -13 4665 1 0 1
-136.364 105.176 1025.5 -11.7806 8.32489 80.1135 5.50021 -13 4677 1 0 1
-124.297 43.1229 1025.5 -10.9156 3.31446 79.5385 6.68835 -13 4681 1 0 1
-121.977 -17.0538 1025.5 -10.7085 -1.35833 79.9389 3.52023 -13 4685 1 0 1
-76.026 -104.103 1025.5 -6.97128 -8.43395 80.3717 3.51174 -13 4689 1 0 1
-138.694 33.8654 1025.5 -11.8338 2.58968 78.8124 5.29035 -13 4698 1 0 1
-122.048 59.6361 1025.5 -10.6701 4.77351 79.2319 3.81579 -13 4701 1 0 1
-19.4941 99.2011 1025.5 -2.58499 7.89563 79.8693 5.88584 -13 4704 1 0 1
-129.902 -33.1808 1025.5 -11.2083 -2.65271 80.5501 5.79642 -13 4711 1 0 1
-113.289 -131.562 1025.5 -9.908 -10.3763 79.8502 9.4187 -13 4715 1 0 1
-145.961 -113.968 1025.5 -12.0618 -8.68063 77.2337 5.19618 -13 4718 1 0 1
-88.3523 -87.2384 1025.5 -8.136 -6.81269 80.4401 7.18319 -13 4719 1 0 1
-128.865 -29.0535 1025.5 -10.9591 -2.414 79.415 3.91107 -13 4728 1 0 1
-115.656 61.4921 1025.5 -9.99106 4.82513 78.9871 3.71133 -13 4731 1 0 1
-149.636 150.163 1025.5 -12.7008 11.4466 77.295 5.04974 -13 4733 1 0 1
-145.95 -97.196 1025.5 -12.2147 -7.16657 77.224 6.80474 -13 4745 1 0 1
-41.8668 -129.306 1025.5 -4.25037 -10.1467 79.833 6.92825 -13 4747 1 0 1
-132.058 -97.3051 1025.5 -11.2948 -7.69076 78.833 5.46544 -13 4751 1 0 1
-133.842 -99.3037 1025.5 -11.6418 -7.90728 79.0933 7.3284 -13 4753 1 0 1
-145.505 80.9292 1025.5 -12.5843 6.2931 79.1144 6.1872 -13 4755 1 0 1
-113.144 -116.312 1025.5 -9.62122 -8.82624 76.6934 5.76197 -13 4756 1 0 1
-88.3776 -122.347 1025.5 -8.03349 -9.53084 79.9719 6.77436 -13 4757 1 0 1
-98.5977 66.5848 1025.5 -12.3961 5.58271 79.1536 6.92698 -13 4758 1 0 1
-130.558 -94.0298 1025.5 -10.7682 -7.33104 78.072 6.56724 -13 4759 1 0 1
-123.123 69.3453 1025.5 -22.1679 6.71028 76.5533 3.8131 -13 4761 1 0 1
-111.71 147.406 1025.5 -9.80296 11.5363 78.69 5.34579 -13 4765 1 0 1
-101.55 15.7216 1025.5 -9.00697 1.16866 78.4802 7.19502 -13 4773 1 0 1
-94.9981 -58.9778 1025.5 -11.0435 -4.94665 79.2782 6.78938 -13 4774 1 0 1
-57.72 -76.5075 1025.5 -6.49299 -5.97904 79.3035 5.88347 -13 4789 1 0 1
-92.7034 135.02 1025.5 -8.36006 10.4805 78.2786 7.54752 -13 4790 1 0 1
-97.5976 51.0023 1025.5 -8.91699 3.82377 80.3173 7.16185 -13 4794 1 0 1
-154.423 -83.2906 1025.5 -12.9244 -6.23302 77.5051 7.52449 -13 4801 1 0 1
-124.245 -83.8114 1025.5 -10.7455 -6.76117 80.3106 4.61169 -13 4808 1 0 1
-116.391 -51.4318 1025.5 -10.2248 -3.82815 78.692 6.12026 -13 4820 1 0 1
-139.278 67.3472 1025.5 -12.059 5.20209 79.9496 3.41345 -13 4822 1 0 1
-141.739 74.1676 1025.5 -12.2017 5.88178 79.7655 5.67556 -13 4831 1 0 1
-124.929 83.5087 1025.5 -10.5847 6.72917 78.8512 6.08857 -13 4832 1 0 1
-133.872 -117.852 1025.5 -11.3693 -9.13089 78.1795 4.97122 -13 4834 1 0 1
-112.382 69.929 1025.5 -9.98406 5.44334 80.135 8.30507 -13 4835 1 0 1
-116.816 105.168 1025.5 -10.2857 8.27114 80.2469 4.14934 -13 4837 1 0 1
-111.096 74.1991 1025.5 -9.97736 5.81531 79.2121 6.60754 -13 4839 1 0 1
-47.7981 -119.732 1025.5 -4.75687 -9.51611 79.6867 6.91905 -13 4850 1 0 1
-137.454 -41.5035 1025.5 -11.8374 -3.06445 80.4705 5.5205 -13 4851 1 0 1
-114.739 29.789 1025.5 -10.1435 2.38995 79.8093 6.2368 -13 4852 1 0 1
-124.669 -49.2874 1025.5 -10.6961 -4.0141 78.3418 4.60615 -13 4855 1 0 1
-103.54 28.8627 1025.5 -9.15349 2.38458 79.6492 5.97594 -13 4858 1 0 1
-13.3391 92.2996 1025.5 -2.13167 7.29787 80.2399 5.94532 -13 4859 1 0 1
-28.6404 -91.2568 1025.5 -3.3467 -7.09863 79.5542 5.67365 -13 4862 1 0 1
-149.678 -2.81777 1025.5 -13.0558 -0.167513 80.8522 6.18625 -13 4863 1 0 1
-20.4888 86.3484 1025.5 -2.70437 6.77566 79.8534 4.78671 -13 4864 1 0 1
50.8798 -77.6466 1025.5 2.24746 -6.23792 79.9969 5.85164 -13 4876 1 0 1
-133.988 -71.0208 1025.5 -11.4457 -5.57136 79.1909 6.99093 -13 4879 1 0 1
-122.869 103.65 1025.5 -10.7379 8.12892 79.2477 6.00799 -13 4883 1 0 1
-115.671 53.4991 1025.5 -10.228 4.32629 78.8592 6.19433 -13 4891 1 0 1
-121.199 -53.1918 1025.5 -10.6185 -4.14829 79.605 5.9634 -13 4895 1 0 1
-78.3255 -93.713 1025.5 -7.39827 -7.33812 78.5497 5.27685 -13 4897 1 0 1
-70.8662 -139.931 1025.5 -6.5502 -10.827 78.9098 4.97296 -13 4899 1 0 1
-101.001 -21.7602 1025.5 -8.74697 -1.60961 78.211 5.5065 -13 4903 1 0 1
-78.5296 111.833 1025.5 -7.11573 8.85903 79.4294 5.98298 -13 4907 1 0 1
-138.476 109.427 1025.5 -11.6582 8.42609 77.8003 6.89346 -13 4911 1 0 1
-129.265 -94.0289 1025.5 -11.2767 -7.15916 78.4903 5.27211 -13 4912 1 0 1
-116.956 43.8725 1025.5 -10.3956 3.38913 80.5586 4.79813 -13 4913 1 0 1
-101.328 -127.084 1025.5 -9.08308 -9.5842 79.1318 3.87113 -13 4918 1 0 1
-58.5888 -80.8291 1025.5 -5.73829 -6.40783 79.9618 2.34059 -13 4919 1 0 1
-109.343 -30.89 1025.5 -9.65392 -2.34611 80.0194 6.46026 -13 4921 1 0 1
-121.721 -99.9981 1025.5 -10.6038 -7.45066 77.4344 6.96485 -13 4923 1 0 1
-114.467 -80.2949 1025.5 -10.2868 -6.43292 79.8609 5.24174 -13 4929 1 0 1
-1.40097 -71.988 1025.5 -5.46547 -5.85057 79.9936 5.96503 -13 4935 1 0 1
-137.483 35.3746 1025.5 -11.7537 2.71043 78.923 6.47614 -13 4940 1 0 1
-107.362 -98.0561 1025.5 -9.35096 -7.52752 77.2423 6.15166 -13 4947 1 0 1
-148.478 -15.447 1025.5 -12.4968 -1.23982 79.1132 4.41994 -13 4948 1 0 1
-91.5595 33.3768 1025.5 -7.95765 2.72375 78.205 7.16808 -13 4952 1 0 1
-110.43 -55.4092 1025.5 -9.50932 -4.22516 77.2345 5.12922 -13 4953 1 0 1
-137.065 34.9107 1025.5 -11.8163 2.81335 78.8846 6.29673 -13 4959 1 0 1
-128.319 8.75668 1025.5 -11.0937 0.866688 78.8098 6.36088 -13 4960 1 0 1
-127.529 -59.0981 1025.5 -11.0446 -4.71073 78.7978 7.01143 -13 4961 1 0 1
-132.612 -63.8104 1025.5 -11.5453 -5.07198 79.6693 6.7282 -13 4980 1 0 1
-100.237 -18.3066 1025.5 -8.90927 -1.34434 78.6338 7.1019 -13 4982 1 0 1
-126.758 -47.2562 1025.5 -11.1219 -4.05864 79.2429 6.62178 -13 4983 1 0 1
-49.4311 107.07 1025.5 -3.25424 7.06396 56.0525 6.04867 -13 4988 1 0 1
-26.5293 134.499 1025.5 -3.18763 10.309 78.9984 7.13298 -13 4989 1 0 1
-16.1979 -153.482 1025.5 -2.22698 -11.9396 78.4909 9.21113 -13 4990 1 0 1